0 304 CENTRAL FID_1
26 435       0.0425872599
26 416       0.0419697364
26 418        0.042414915
26 209       0.0403978167
26 208       0.0277048081
26 210       0.0379462817
26 419       0.0274546988
26 39       0.0390211068
26 417       0.0223102912
26 36       0.0259496964
26 27       0.0134990588
26 37       0.0302258959
26 33       0.0267670674
26 28       0.0186581311
26 211       0.0387469852
27 209       0.0424821805
27 35       0.0402831685
27 419       0.0366984831
27 210       0.0363236364
27 417       0.0340449392
27 211       0.0322007455
27 39       0.0296849236
27 222        0.033543337
27 33       0.0159677569
27 26       0.0134990588
27 28       0.0185707064
27 208        0.031398207
27 36       0.0125192277
27 37       0.0191058308
27 38       0.0293912375
28 418       0.0349562052
28 213       0.0301300921
28 33        0.034044212
28 417       0.0249105439
28 211       0.0215327863
28 435       0.0308525966
28 222       0.0316554861
28 36       0.0245543657
28 37       0.0205708807
28 208       0.0131890099
28 27       0.0185707064
28 26       0.0186581311
28 419        0.022761559
28 210       0.0193968831
28 209       0.0239532398
33 229       0.0487801789
33 208       0.0471269576
33 211       0.0426208806
33 46       0.0470307709
33 34       0.0344401693
33 28        0.034044212
33 37       0.0258162083
33 222       0.0377976688
33 27       0.0159677569
33 26       0.0267670674
33 38       0.0211796063
33 35       0.0263030067
33 39        0.013870726
33 36       0.0141257552
33 53       0.0360470012
34 250       0.0548036086
34 257       0.0539821052
34 55       0.0476626467
34 37       0.0506079888
34 255       0.0432760454
34 53       0.0344329714
34 33       0.0344401693
34 27       0.0498123294
34 47       0.0300688127
34 35       0.0122344447
34 46       0.0232303501
34 38       0.0291060308
34 39       0.0235869277
34 54       0.0332662091
34 36       0.0418993483
35 256       0.0477677296
35 222       0.0425928642
35 229       0.0438696969
35 27       0.0402831685
35 255       0.0352953193
35 54       0.0287668719
35 47       0.0365426412
35 37       0.0387404949
35 53       0.0236530472
35 46       0.0217247895
35 34       0.0122344447
35 38       0.0168900237
35 39       0.0199190233
35 33       0.0263030067
35 36       0.0308975101
36 223       0.0381835558
36 229       0.0374582457
36 208       0.0375465549
36 210       0.0374338075
36 39       0.0265472336
36 211       0.0287086812
36 222       0.0243094728
36 35       0.0308975101
36 37       0.0116966113
36 27       0.0125192277
36 26       0.0259496964
36 28       0.0245543657
36 38       0.0174655937
36 33       0.0141257552
36 53       0.0299846922
37 231       0.0371426655
37 213       0.0351225763
37 208       0.0317660869
37 229       0.0303873514
37 26       0.0302258959
37 210       0.0277722087
37 223       0.0266538532
37 53       0.0299949839
37 222       0.0144587014
37 27       0.0191058308
37 28       0.0205708807
37 211       0.0172898814
37 33       0.0258162083
37 36       0.0116966113
37 38       0.0224943191
38 256       0.0404472615
38 211       0.0380876776
38 54       0.0316764683
38 255       0.0307454974
38 229       0.0305682635
38 34       0.0291060308
38 39       0.0248989484
38 27       0.0293912375
38 53       0.0148769087
38 33       0.0211796063
38 46       0.0303706743
38 35       0.0168900237
38 36       0.0174655937
38 37       0.0224943191
38 222        0.025958156
39 47       0.0534584839
39 255       0.0528987281
39 54       0.0484382845
39 28       0.0479128252
39 46       0.0415497566
39 37       0.0379347431
39 27       0.0296849236
39 222       0.0477917288
39 53       0.0384091404
39 35       0.0199190233
39 36       0.0265472336
39 38       0.0248989484
39 34       0.0235869277
39 33        0.013870726
39 26       0.0390211068
46 33       0.0470307709
46 260       0.0451832795
46 39       0.0415497566
46 229       0.0426608683
46 255       0.0242030242
46 38       0.0303706743
46 250       0.0322543477
46 256       0.0370343125
46 47       0.0213453624
46 54       0.0110026256
46 34       0.0232303501
46 53       0.0241981977
46 35       0.0217247895
46 55       0.0292303657
46 257       0.0316069949
47 39       0.0534584839
47 258       0.0530700717
47 38       0.0498810554
47 259       0.0503136447
47 255        0.043281158
47 257       0.0451828468
47 34       0.0300688127
47 253       0.0496486878
47 46       0.0213453624
47 250       0.0344602445
47 252       0.0439064907
47 35       0.0365426412
47 55       0.0208786069
47 54       0.0290345284
47 53       0.0455352612
53 233        0.038077532
53 231       0.0373633437
53 34       0.0344329714
53 33       0.0360470012
53 256       0.0258751727
53 36       0.0299846922
53 222       0.0254097735
53 257       0.0311837395
53 255       0.0159867997
53 46       0.0241981977
53 38       0.0148769087
53 54       0.0205351338
53 35       0.0236530472
53 229       0.0207230882
53 37       0.0299949839
54 234       0.0408902621
54 258       0.0408210255
54 34       0.0332662091
54 229       0.0350777454
54 250       0.0261105157
54 38       0.0316764683
54 55       0.0292030942
54 260       0.0346194254
54 53       0.0205351338
54 255       0.0142654211
54 46       0.0110026256
54 256       0.0264651742
54 35       0.0287668719
54 47       0.0290345284
54 257       0.0208003117
55 256        0.048201532
55 261       0.0475870132
55 34       0.0476626467
55 262       0.0452606653
55 255       0.0404870035
55 253       0.0290773561
55 260       0.0421124887
55 257        0.035056387
55 54       0.0292030942
55 46       0.0292303657
55 250       0.0169523491
55 252       0.0245246299
55 47       0.0208786069
55 259       0.0295620461
55 258       0.0341505375
178 512       0.0258363343
178 462       0.0255651137
178 494       0.0243635233
178 496        0.024849454
178 470       0.0196768183
178 485       0.0166762587
178 471       0.0208622056
178 500       0.0236281471
178 179      0.00924942798
178 185       0.0192913671
178 180       0.0152162119
178 472       0.0144313578
178 463       0.0106085312
178 490      0.00763717816
178 507       0.0216510288
179 190       0.0325268318
179 500       0.0282682388
179 496       0.0321473826
179 512       0.0277938482
179 470        0.027091905
179 507       0.0200353251
179 471       0.0300479296
179 192        0.027506905
179 185       0.0109323435
179 180       0.0210874941
179 178      0.00924942798
179 463       0.0190153747
179 472       0.0209547049
179 490       0.0168406179
179 485       0.0253325963
180 498       0.0225549587
180 495       0.0223054511
180 463       0.0195275652
180 471       0.0214797497
180 488        0.020565815
180 494       0.0163812203
180 178       0.0152162119
180 179       0.0210874941
180 485       0.0103166409
180 507       0.0164772891
180 490       0.0124517664
180 512       0.0135757108
180 496       0.0115752269
180 500      0.00865447542
180 491       0.0209390963
185 470       0.0380061406
185 508       0.0349201447
185 496       0.0378140504
185 463       0.0296668831
185 472       0.0318859418
185 500       0.0310682834
185 485       0.0333315381
185 512       0.0275697796
185 192       0.0196389278
185 179       0.0109323435
185 190       0.0218501743
185 507       0.0170941127
185 180       0.0262454443
185 178       0.0192913671
185 490       0.0263203164
190 195       0.0482202202
190 490       0.0455060391
190 500       0.0408757376
190 510       0.0412789477
190 179       0.0325268318
190 178       0.0396640884
190 180       0.0404370834
190 207       0.0410777958
190 508       0.0352599093
190 507       0.0243685093
190 185       0.0218501743
190 512       0.0336658861
190 192       0.0139939518
190 193       0.0300360612
190 194       0.0243653192
192 496       0.0376498099
192 490       0.0361030673
192 178       0.0319234639
192 498       0.0347347981
192 510       0.0289822378
192 179        0.027506905
192 500       0.0274569756
192 194       0.0312304444
192 185       0.0196389278
192 507       0.0120275323
192 512       0.0198639216
192 508       0.0215538183
192 190       0.0139939518
192 193       0.0250306138
192 180       0.0284706414
193 509        0.039001586
193 513       0.0386671878
193 512       0.0335048316
193 507       0.0333691168
193 190       0.0300360612
193 570        0.031437387
193 201       0.0320935372
193 499       0.0325609329
193 194       0.0235284997
193 192       0.0250306138
193 510       0.0226503991
193 195       0.0201182935
193 508       0.0263824336
193 207       0.0264969572
193 568       0.0309768835
194 568       0.0523388307
194 202       0.0515306851
194 512       0.0486877539
194 200       0.0487434389
194 508       0.0451537409
194 201        0.032845432
194 570       0.0473070839
194 185       0.0459530632
194 510       0.0450554613
194 192       0.0312304444
194 207       0.0175688672
194 193       0.0235284997
194 195       0.0322612995
194 507       0.0431844252
194 190       0.0243653192
195 572       0.0433335838
195 508       0.0431080866
195 200       0.0393040501
195 203       0.0412746621
195 574       0.0327933804
195 194       0.0322612995
195 499       0.0334679983
195 576       0.0361823671
195 568       0.0245273141
195 202       0.0235051374
195 207       0.0220562677
195 201       0.0161209701
195 193       0.0201182935
195 570       0.0151424548
195 510        0.035135672
200 318       0.0654906318
200 568       0.0603476554
200 571         0.05637344
200 574       0.0584089275
200 207       0.0318762286
200 194       0.0487434389
200 320       0.0477191778
200 193       0.0548157585
200 319       0.0467900996
200 203        0.026438609
200 195       0.0393040501
200 202       0.0298309057
200 570       0.0450956026
200 201       0.0234202209
200 576       0.0519508552
201 510        0.050680687
201 499       0.0492601756
201 571       0.0496835109
201 319       0.0458943641
201 203       0.0321777702
201 194        0.032845432
201 574       0.0423043995
201 576       0.0407369638
201 193       0.0320935372
201 200       0.0234202209
201 207       0.0160510104
201 195       0.0161209701
201 202       0.0199263017
201 570       0.0256414242
201 568       0.0391825863
202 318       0.0424866707
202 575       0.0412313801
202 320       0.0381829392
202 572       0.0401964785
202 207       0.0357558645
202 571       0.0300320869
202 574        0.028750435
202 568       0.0344615337
202 319       0.0264061919
202 203       0.0187435402
202 200       0.0298309057
202 195       0.0235051374
202 201       0.0199263017
202 570       0.0189031167
202 576       0.0227032069
203 578       0.0481682518
203 207       0.0475954859
203 574       0.0428772454
203 311       0.0463818913
203 570       0.0373156502
203 318        0.039483966
203 576       0.0322503344
203 195       0.0412746621
203 319        0.020785281
203 571        0.032428861
203 320       0.0231615576
203 201       0.0321777702
203 200        0.026438609
203 202       0.0187435402
203 307       0.0401028757
207 574       0.0542031205
207 499       0.0534030348
207 510       0.0487156998
207 203       0.0475954859
207 508       0.0526802661
207 195       0.0220562677
207 192       0.0447568807
207 568        0.046185049
207 200       0.0318762286
207 202       0.0357558645
207 201       0.0160510104
207 194       0.0175688672
207 193       0.0264969572
207 570       0.0364624434
207 190       0.0410777958
208 37       0.0317660869
208 27        0.031398207
208 212        0.030323112
208 211       0.0254409416
208 416       0.0289467976
208 26       0.0277048081
208 419       0.0146928211
208 436       0.0253825227
208 417       0.0216675851
208 210       0.0152014061
208 418       0.0229864501
208 435       0.0177046033
208 209       0.0128350275
208 28       0.0131890099
208 213       0.0247693998
209 434       0.0295653641
209 437       0.0271172955
209 214       0.0271697586
209 216       0.0268862252
209 215       0.0249361409
209 28       0.0239532398
209 418       0.0236828706
209 211       0.0256089447
209 212       0.0175013107
209 210       0.0116263058
209 213       0.0157220971
209 419        0.023454089
209 208       0.0128350275
209 435       0.0140842797
209 436       0.0155924129
210 214       0.0317667894
210 37       0.0277722087
210 222       0.0299814114
210 436       0.0266900319
210 208       0.0152014061
210 435       0.0252747937
210 419        0.029631433
210 223       0.0239786078
210 209       0.0116263058
210 213       0.0107844061
210 212       0.0226162155
210 211        0.013995004
210 28       0.0193968831
210 215       0.0229479592
210 216       0.0207057107
211 27       0.0322007455
211 229       0.0314970753
211 224        0.030366921
211 231       0.0294500882
211 216       0.0216267464
211 208       0.0254409416
211 36       0.0287086812
211 215       0.0284681001
211 222       0.0160033037
211 213        0.018334127
211 37       0.0172898814
211 28       0.0215327863
211 223       0.0139311649
211 210        0.013995004
211 209       0.0256089447
212 439       0.0288039331
212 443       0.0280043703
212 210       0.0226162155
212 435       0.0245237724
212 219       0.0231604247
212 216       0.0215978411
212 218       0.0225999919
212 434       0.0235082447
212 209       0.0175013107
212 226       0.0188504731
212 215       0.0140977199
212 213       0.0158302831
212 214      0.00971517092
212 437       0.0152907354
212 436       0.0159355738
213 435       0.0292567071
213 219       0.0288101244
213 208       0.0247693998
213 224       0.0276876273
213 217       0.0267375701
213 218       0.0230845089
213 214       0.0233825349
213 436       0.0262371217
213 215       0.0121975594
213 216       0.0112278063
213 211        0.018334127
213 210       0.0107844061
213 212       0.0158302831
213 209       0.0157220971
213 223       0.0215156336
214 209       0.0271697586
214 216       0.0252870694
214 213       0.0233825349
214 434       0.0241440113
214 227       0.0241163537
214 442        0.023035613
214 443       0.0203688258
214 439       0.0238398177
214 437       0.0136697999
214 226      0.00915347119
214 212      0.00971517092
214 218       0.0195705781
214 219       0.0165644614
214 215       0.0161638431
214 436       0.0221802552
215 437       0.0280241541
215 221       0.0265052494
215 210       0.0229479592
215 223       0.0259536218
215 227       0.0221068391
215 219       0.0167037259
215 226       0.0216758369
215 209       0.0249361409
215 213       0.0121975594
215 212       0.0140977199
215 216       0.0091841006
215 218       0.0112281482
215 214       0.0161638431
215 217       0.0188457099
215 224       0.0233878954
216 231       0.0285435785
216 227       0.0269157438
216 221       0.0259870272
216 209       0.0268862252
216 212       0.0215978411
216 210       0.0207057107
216 219       0.0234788413
216 214       0.0252870694
216 217       0.0156599501
216 224       0.0168040734
216 223       0.0168483831
216 213       0.0112278063
216 218       0.0155722472
216 215       0.0091841006
216 211       0.0216267464
217 213       0.0267375701
217 231         0.02584038
217 223       0.0238341686
217 236       0.0254338194
217 220       0.0212386896
217 227       0.0194502482
217 219       0.0209431079
217 232       0.0249833137
217 215       0.0188457099
217 216       0.0156599501
217 221        0.011152051
217 218       0.0131210701
217 235       0.0185566033
217 224      0.00864614518
217 240       0.0237538424
218 235       0.0291760619
218 493       0.0271755614
218 228       0.0271972885
218 213       0.0230845089
218 212       0.0225999919
218 214       0.0195705781
218 220       0.0190843419
218 224       0.0209005591
218 219      0.00874237781
218 227       0.0114437768
218 215       0.0112281482
218 216       0.0155722472
218 221       0.0166578636
218 217       0.0131210701
218 226       0.0201041275
219 482       0.0262819238
219 228       0.0255389479
219 212       0.0231604247
219 483       0.0243056098
219 226       0.0133463953
219 221       0.0206009482
219 217       0.0209431079
219 216       0.0234788413
219 214       0.0165644614
219 227      0.00757298422
219 442       0.0205520651
219 218      0.00874237781
219 220       0.0174204707
219 215       0.0167037259
219 493       0.0198361208
220 224        0.029097125
220 492       0.0273584936
220 478       0.0252131811
220 245       0.0263811286
220 235       0.0232452396
220 218       0.0190843419
220 219       0.0174204707
220 483       0.0170482279
220 217       0.0212386896
220 225       0.0192248665
220 221       0.0119402874
220 228      0.00827608263
220 240       0.0172941915
220 227      0.00985360982
220 493       0.0169674842
221 232        0.028142698
221 225       0.0272416679
221 215       0.0265052494
221 216       0.0259870272
221 224       0.0177460882
221 219       0.0206009482
221 227       0.0152605839
221 236       0.0240357057
221 217        0.011152051
221 220       0.0119402874
221 218       0.0166578636
221 228       0.0163536091
221 240       0.0139061929
221 235       0.0136844641
221 241       0.0230024038
222 27        0.033543337
222 233       0.0333330515
222 224       0.0328535874
222 213       0.0330098917
222 210       0.0299814114
222 216       0.0321660798
222 53       0.0254097735
222 231       0.0229682666
222 38        0.025958156
222 37       0.0144587014
222 28       0.0316554861
222 211       0.0160033037
222 223       0.0162929339
222 36       0.0243094728
222 229       0.0171704217
223 221       0.0346940902
223 218       0.0308291395
223 215       0.0259536218
223 233       0.0308224674
223 213       0.0215156336
223 217       0.0238341686
223 210       0.0239786078
223 232       0.0278831298
223 37       0.0266538532
223 222       0.0162929339
223 224       0.0177337784
223 211       0.0139311649
223 216       0.0168483831
223 231       0.0163653578
223 229       0.0241381284
224 241       0.0288504273
224 233       0.0285604234
224 213       0.0276876273
224 227       0.0280942004
224 215       0.0233878954
224 235       0.0190263065
224 240       0.0274379581
224 236       0.0219350244
224 216       0.0168040734
224 217      0.00864614518
224 231       0.0171962661
224 221       0.0177460882
224 218       0.0209005591
224 223       0.0177337784
224 232       0.0182831949
225 227       0.0282832517
225 501       0.0264219322
225 221       0.0272416679
225 533       0.0258855376
225 220       0.0192248665
225 624       0.0257501166
225 506       0.0264557351
225 493       0.0239196917
225 502        0.017745621
225 245       0.0139388123
225 240       0.0202229844
225 228       0.0113422037
225 249        0.024206354
225 478       0.0161395659
225 483       0.0191099362
226 466       0.0283164594
226 440       0.0273254018
226 215       0.0216758369
226 492        0.026955353
226 439       0.0230464734
226 218       0.0201041275
226 227       0.0198324797
226 493       0.0237849257
226 442       0.0139744113
226 212       0.0188504731
226 443       0.0162518122
226 214      0.00915347119
226 219       0.0133463953
226 437       0.0183513044
226 482        0.023177337
227 482       0.0259987637
227 492        0.025953926
227 214       0.0241163537
227 240       0.0257395811
227 226       0.0198324797
227 215       0.0221068391
227 217       0.0194502482
227 442       0.0229829802
227 219      0.00757298422
227 220      0.00985360982
227 228       0.0179773408
227 218       0.0114437768
227 221       0.0152605839
227 483       0.0194430677
227 493       0.0163021557
228 217       0.0272061262
228 218       0.0271972885
228 249       0.0252960428
228 241       0.0270683369
228 240       0.0140506152
228 478       0.0213232918
228 235       0.0232545842
228 219       0.0255389479
228 227       0.0179773408
228 220      0.00827608263
228 225       0.0113422037
228 221       0.0163536091
228 245       0.0186437708
228 483       0.0171572529
228 493        0.019636221
229 224       0.0333383621
229 237       0.0333373866
229 38       0.0305682635
229 257       0.0327101298
229 232       0.0279417611
229 234       0.0278540126
229 255       0.0220779231
229 211       0.0314970753
229 231       0.0168217256
229 222       0.0171704217
229 223       0.0241381284
229 256       0.0195442776
229 53       0.0207230882
229 233       0.0192870121
229 37       0.0303873514
230 521       0.0269257522
230 624       0.0253641057
230 532       0.0254818885
230 518       0.0239911277
230 531        0.018322461
230 241       0.0235395516
230 239       0.0230863921
230 243       0.0210476186
230 246      0.00863795813
230 530       0.0172397136
230 242       0.0179819229
230 247       0.0197170939
230 519      0.00925867053
230 244       0.0118809786
230 249       0.0198867152
231 239       0.0310589419
231 256       0.0300849119
231 234       0.0298208737
231 211       0.0294500882
231 217         0.02584038
231 222       0.0229682666
231 237        0.025708107
231 235       0.0287184884
231 223       0.0163653578
231 224       0.0171962661
231 233       0.0146082486
231 232       0.0137845766
231 229       0.0168217256
231 236       0.0240107448
231 216       0.0285435785
232 240       0.0292319179
232 221        0.028142698
232 234        0.027016415
232 223       0.0278831298
232 229       0.0279417611
232 242        0.025809622
232 241       0.0220539552
232 217       0.0249833137
232 236       0.0106731508
232 237       0.0154813053
232 239       0.0178403124
232 231       0.0137845766
232 224       0.0182831949
232 233       0.0134008976
232 235       0.0184378418
233 255       0.0318514375
233 235       0.0317101392
233 239        0.022887787
233 251       0.0313084749
233 243       0.0301888502
233 236        0.022431377
233 256       0.0206658382
233 223       0.0308224674
233 238       0.0228988647
233 237       0.0140794332
233 229       0.0192870121
233 234       0.0155322248
233 232       0.0134008976
233 231       0.0146082486
233 224       0.0285604234
234 263       0.0304617994
234 231       0.0298208737
234 232        0.027016415
234 264       0.0296251097
234 257       0.0234306122
234 260       0.0199128699
234 239       0.0269401717
234 255       0.0283409587
234 237       0.0169017243
234 251        0.017589533
234 256        0.015262079
234 238       0.0126423147
234 243       0.0267912993
234 233       0.0155322248
234 229       0.0278540126
235 237       0.0281281259
235 246       0.0259543411
235 228       0.0232545842
235 245       0.0258812801
235 232       0.0184378418
235 224       0.0190263065
235 249       0.0214178476
235 220       0.0232452396
235 242       0.0161402797
235 240       0.0108878035
235 217       0.0185566033
235 221       0.0136844641
235 241       0.0105393948
235 236       0.0110306579
235 239       0.0224519492
236 217       0.0254338194
236 249       0.0248677461
236 231       0.0240107448
236 221       0.0240357057
236 244       0.0240163696
236 233        0.022431377
236 246       0.0239711898
236 224       0.0219350244
236 242       0.0152357528
236 241       0.0114313944
236 235       0.0110306579
236 237       0.0170982027
236 232       0.0106731508
236 239       0.0125830992
236 240        0.020547596
237 246       0.0302360595
237 235       0.0281281259
237 256       0.0297797084
237 242        0.026009296
237 251       0.0245185217
237 244       0.0213286317
237 234       0.0169017243
237 231        0.025708107
237 233       0.0140794332
237 238       0.0145968682
237 236       0.0170982027
237 239       0.0103509763
237 232       0.0154813053
237 243       0.0163068591
237 241       0.0254318191
238 261       0.0301726744
238 232       0.0296044729
238 244       0.0250023494
238 247       0.0294908466
238 260       0.0244122054
238 233       0.0228988647
238 243       0.0157374136
238 256       0.0277375542
238 234       0.0126423147
238 264       0.0184650605
238 263       0.0241487569
238 237       0.0145968682
238 239       0.0212182984
238 251       0.0099250106
238 267       0.0266606582
239 247       0.0291645029
239 234       0.0269401717
239 246       0.0199514918
239 249       0.0268083413
239 230       0.0230863921
239 232       0.0178403124
239 241       0.0166862412
239 235       0.0224519492
239 244       0.0133222281
239 242       0.0160915464
239 233        0.022887787
239 237       0.0103509763
239 236       0.0125830992
239 243       0.0133144163
239 238       0.0212182984
240 232       0.0292319179
240 224       0.0274379581
240 227       0.0257395811
240 246       0.0248360848
240 245        0.016087064
240 220       0.0172941915
240 225       0.0202229844
240 217       0.0237538424
240 241       0.0130910715
240 235       0.0108878035
240 242       0.0168297425
240 221       0.0139061929
240 228       0.0140506152
240 249        0.015666346
240 236        0.020547596
241 243       0.0277195361
241 228       0.0270683369
241 230       0.0235395516
241 221       0.0230024038
241 237       0.0254318191
241 244       0.0218449553
241 236       0.0114313944
241 245       0.0216870962
241 232       0.0220539552
241 246       0.0154456308
241 249       0.0134696037
241 239       0.0166862412
241 242      0.00560665644
241 235       0.0105393948
241 240       0.0130910715
242 519       0.0272405673
242 624       0.0265961688
242 232        0.025809622
242 237        0.026009296
242 230       0.0179819229
242 235       0.0161402797
242 243       0.0248638338
242 245         0.02100959
242 239       0.0160915464
242 249       0.0108493743
242 236       0.0152357528
242 241      0.00560665644
242 246       0.0098470401
242 244       0.0176686389
242 240       0.0168297425
243 241       0.0277195361
243 267        0.026017772
243 234       0.0267912993
243 236       0.0258932859
243 264       0.0209190684
243 519       0.0245740601
243 238       0.0157374136
243 242       0.0248638338
243 251       0.0220929688
243 247       0.0175227502
243 244      0.00954096257
243 230       0.0210476186
243 237       0.0163068591
243 239       0.0133144163
243 246       0.0231705168
244 264       0.0288093129
244 518       0.0278376256
244 241       0.0218449553
244 530        0.026398242
244 238       0.0250023494
244 519       0.0174559649
244 239       0.0133222281
244 249        0.025184579
244 237       0.0213286317
244 242       0.0176686389
244 243      0.00954096257
244 247       0.0172745062
244 246       0.0138676005
244 230       0.0118809786
244 236       0.0240163696
245 230       0.0297784104
245 220       0.0263811286
245 221       0.0288156517
245 502       0.0236725611
245 235       0.0258812801
245 533       0.0251864149
245 228       0.0186437708
245 246       0.0226931278
245 242         0.02100959
245 240        0.016087064
245 624       0.0146096938
245 540       0.0233184223
245 225       0.0139388123
245 249       0.0109949972
245 241       0.0216870962
246 235       0.0259543411
246 530       0.0249566713
246 531       0.0232930598
246 240       0.0248360848
246 236       0.0239711898
246 243       0.0231705168
246 241       0.0154456308
246 245       0.0226931278
246 519       0.0177604411
246 244       0.0138676005
246 230      0.00863795813
246 242       0.0098470401
246 239       0.0199514918
246 249       0.0120109212
246 624       0.0222110012
247 531       0.0294671425
247 239       0.0291645029
247 524        0.021273596
247 520       0.0288522495
247 521       0.0265011814
247 264       0.0212290325
247 518       0.0139236096
247 246       0.0271723363
247 267       0.0199357038
247 243       0.0175227502
247 244       0.0172745062
247 530       0.0209632074
247 519       0.0155376661
247 248       0.0136678315
247 230       0.0197170939
248 528       0.0311361527
248 244       0.0306861799
248 519       0.0265695435
248 521       0.0295284618
248 522       0.0267922307
248 516       0.0165332227
248 525       0.0231863632
248 243       0.0286795916
248 267       0.0142430154
248 264       0.0206815589
248 520       0.0162390624
248 518       0.0156037682
248 247       0.0136678315
248 524       0.0174956523
248 530       0.0283604705
249 519       0.0281299915
249 540       0.0272380401
249 228       0.0252960428
249 239       0.0268083413
249 235       0.0214178476
249 230       0.0198867152
249 225        0.024206354
249 244        0.025184579
249 241       0.0134696037
249 245       0.0109949972
249 240        0.015666346
249 624       0.0165444115
249 242       0.0108493743
249 246       0.0120109212
249 236       0.0248677461
250 266       0.0405424077
250 256       0.0354366564
250 262       0.0321547524
250 47       0.0344602445
250 46       0.0322543477
250 252       0.0269228414
250 253       0.0258598071
250 261       0.0312082686
250 259       0.0200539855
250 255       0.0317039406
250 257       0.0211820543
250 54       0.0261105157
250 55       0.0169523491
250 260       0.0254281817
250 258       0.0186745475
251 244       0.0315961415
251 233       0.0313084749
251 257       0.0311115858
251 247       0.0307579664
251 267       0.0211150809
251 237       0.0245185217
251 260       0.0191322036
251 239       0.0305434557
251 234        0.017589533
251 264       0.0129395534
251 263       0.0143124547
251 243       0.0220929688
251 261       0.0207056238
251 238       0.0099250106
251 256       0.0302394031
252 275       0.0492525944
252 257        0.047608537
252 260        0.047432097
252 261        0.044028871
252 262       0.0335642418
252 268       0.0379206404
252 258       0.0310077393
252 47       0.0439064907
252 253      0.00899786909
252 266        0.028655123
252 250       0.0269228414
252 265       0.0245146492
252 55       0.0245246299
252 259       0.0181819386
252 254       0.0423105884
253 257       0.0447514206
253 275       0.0446343036
253 276       0.0446085062
253 260        0.042118366
253 250       0.0258598071
253 254       0.0334306637
253 261        0.036422554
253 268         0.03334465
253 252      0.00899786909
253 266       0.0204379386
253 262       0.0247697565
253 258       0.0244058628
253 265       0.0232009526
253 259       0.0107716588
253 55       0.0290773561
254 265       0.0379652575
254 275       0.0365335195
254 279       0.0377450329
254 517       0.0342183837
254 258       0.0299645519
254 268       0.0310548418
254 263       0.0313239615
254 253       0.0334306637
254 266       0.0154235593
254 274        0.014937543
254 276       0.0176177388
254 261       0.0276290996
254 262       0.0150499951
254 272       0.0280467497
254 259       0.0289872768
255 55       0.0404870035
255 231       0.0373848435
255 35       0.0352953193
255 222       0.0352497409
255 250       0.0317039406
255 233       0.0318514375
255 229       0.0220779231
255 234       0.0283409587
255 53       0.0159867997
255 46       0.0242030242
255 256       0.0131495993
255 38       0.0307454974
255 257       0.0152273576
255 54       0.0142654211
255 260       0.0282465676
256 222       0.0363394916
256 250       0.0354366564
256 251       0.0302394031
256 232       0.0340328557
256 260       0.0212292786
256 238       0.0277375542
256 233       0.0206658382
256 231       0.0300849119
256 257       0.0143191984
256 234        0.015262079
256 53       0.0258751727
256 54       0.0264651742
256 229       0.0195442776
256 255       0.0131495993
256 237       0.0297797084
257 55        0.035056387
257 233       0.0340589733
257 251       0.0311115858
257 238       0.0331487603
257 46       0.0316069949
257 258        0.025639726
257 261       0.0294639722
257 229       0.0327101298
257 255       0.0152273576
257 250       0.0211820543
257 256       0.0143191984
257 54       0.0208003117
257 260       0.0140345309
257 234       0.0234306122
257 53       0.0311837395
258 256       0.0378828033
258 55       0.0341505375
258 257        0.025639726
258 274       0.0340789052
258 254       0.0299645519
258 253       0.0244058628
258 262       0.0149239145
258 251       0.0321062677
258 266       0.0284839267
258 263       0.0251879814
258 250       0.0186745475
258 260       0.0184190157
258 261       0.0139552043
258 259       0.0136628969
258 252       0.0310077393
259 268       0.0387393143
259 257        0.035881521
259 274       0.0385676388
259 265       0.0321125522
259 266       0.0205227026
259 254       0.0289872768
259 263       0.0368472949
259 260       0.0316700996
259 250       0.0200539855
259 252       0.0181819386
259 262        0.016673399
259 258       0.0136628969
259 253       0.0107716588
259 261       0.0259076905
259 55       0.0295620461
260 233       0.0347561992
260 54       0.0346194254
260 259       0.0316700996
260 262       0.0299294749
260 256       0.0212292786
260 238       0.0244122054
260 264       0.0304584423
260 255       0.0282465676
260 257       0.0140345309
260 251       0.0191322036
260 258       0.0184190157
260 234       0.0199128699
260 261       0.0164389374
260 263       0.0217538774
260 250       0.0254281817
261 266       0.0332693397
261 234       0.0321732349
261 259       0.0259076905
261 250       0.0312082686
261 254       0.0276290996
261 260       0.0164389374
261 264       0.0252125138
261 238       0.0301726744
261 257       0.0294639722
261 274       0.0252311159
261 263       0.0112477095
261 258       0.0139552043
261 262       0.0162217036
261 251       0.0207056238
261 267       0.0290038969
262 265       0.0385101229
262 268       0.0379754995
262 276       0.0322652895
262 251       0.0366742053
262 263       0.0245014261
262 260       0.0299294749
262 259        0.016673399
262 252       0.0335642418
262 266       0.0170492358
262 274       0.0219334613
262 254       0.0150499951
262 253       0.0247697565
262 261       0.0162217036
262 258       0.0149239145
262 250       0.0321547524
263 247       0.0353998597
263 243        0.033239091
263 258       0.0251879814
263 248         0.03207574
263 254       0.0313239615
263 260       0.0217538774
263 262       0.0245014261
263 234       0.0304617994
263 264       0.0142963077
263 274       0.0230752037
263 267       0.0178394035
263 261       0.0112477095
263 238       0.0241487569
263 251       0.0143124547
263 516       0.0294394503
264 518       0.0328885616
264 274       0.0312123462
264 260       0.0304584423
264 237       0.0310814886
264 248       0.0206815589
264 261       0.0252125138
264 234       0.0296251097
264 244       0.0288093129
264 243       0.0209190684
264 267      0.00838213344
264 263       0.0142963077
264 238       0.0184650605
264 251       0.0129395534
264 247       0.0212290325
264 516       0.0253402773
265 274       0.0528569868
265 55       0.0490258468
265 258       0.0450245465
265 250       0.0490029783
265 262       0.0385101229
265 276       0.0393466408
265 277        0.038570815
265 279       0.0477342028
265 268       0.0163380455
265 266       0.0231651668
265 275       0.0266692027
265 253       0.0232009526
265 254       0.0379652575
265 259       0.0321125522
265 252       0.0245146492
266 272        0.040680618
266 250       0.0405424077
266 277       0.0370595512
266 275       0.0303177254
266 274        0.029988922
266 261       0.0332693397
266 268       0.0210464543
266 252        0.028655123
266 259       0.0205227026
266 254       0.0154235593
266 276        0.024193884
266 265       0.0231651668
266 262       0.0170492358
266 253       0.0204379386
266 258       0.0284839267
267 244       0.0321806522
267 524       0.0317223265
267 261       0.0290038969
267 517       0.0315506955
267 274       0.0275403707
267 238       0.0266606582
267 518       0.0286555549
267 520       0.0263502618
267 251       0.0211150809
267 243        0.026017772
267 263       0.0178394035
267 247       0.0199357038
267 248       0.0142430154
267 264      0.00838213344
267 516       0.0171078332
268 258       0.0490604704
268 273       0.0475196647
268 272       0.0450534308
268 259       0.0387393143
268 274       0.0454041295
268 262       0.0379754995
268 279       0.0314187914
268 252       0.0379206404
268 254       0.0310548418
268 275       0.0113640827
268 276       0.0258535361
268 277       0.0224483552
268 266       0.0210464543
268 265       0.0163380455
268 253         0.03334465
272 527       0.0407057694
272 266        0.040680618
272 587       0.0369416771
272 594       0.0379241228
272 526       0.0305229723
272 277       0.0360419847
272 588       0.0295671368
272 516       0.0329086847
272 592       0.0204038958
272 274       0.0246161092
272 254       0.0280467497
272 276       0.0193037433
272 517       0.0185465133
272 279       0.0271822729
272 593       0.0311152367
273 254        0.057466245
273 588       0.0542362097
273 268       0.0475196647
273 600       0.0533400069
273 592       0.0409313922
273 276       0.0398498748
273 272       0.0418221921
273 596       0.0491577288
273 593       0.0261851607
273 275        0.036913525
273 594       0.0374943888
273 277        0.025081502
273 279       0.0198239789
273 587       0.0111255088
273 598        0.040278665
274 526       0.0374749067
274 251       0.0370800747
274 258       0.0340789052
274 248       0.0369957041
274 263       0.0230752037
274 276       0.0257158869
274 272       0.0246161092
274 264       0.0312123462
274 266        0.029988922
274 254        0.014937543
274 516       0.0236109539
274 261       0.0252311159
274 262       0.0219334613
274 517       0.0222431327
274 267       0.0275403707
275 259       0.0494299941
275 274       0.0493362237
275 262       0.0464057102
275 252       0.0492525944
275 254       0.0365335195
275 265       0.0266692027
275 587       0.0439264317
275 253       0.0446343036
275 268       0.0113640827
275 266       0.0303177254
275 276       0.0254878783
275 277       0.0123559748
275 279       0.0231507551
275 272       0.0429370892
275 273        0.036913525
276 593       0.0417069743
276 587       0.0402583956
276 517       0.0343882862
276 273       0.0398498748
276 274       0.0257158869
276 262       0.0322652895
276 268       0.0258535361
276 265       0.0393466408
276 266        0.024193884
276 254       0.0176177388
276 275       0.0254878783
276 277       0.0227785841
276 279       0.0201748065
276 272       0.0193037433
276 592       0.0377670046
277 594       0.0534336994
277 262       0.0510395144
277 265        0.038570815
277 274       0.0484865833
277 254       0.0384126874
277 276       0.0227785841
277 272       0.0360419847
277 592       0.0470876356
277 273        0.025081502
277 266       0.0370595512
277 275       0.0123559748
277 268       0.0224483552
277 279       0.0116119973
277 587       0.0315756015
277 593       0.0412180383
279 265       0.0477342028
279 517       0.0457246444
279 266       0.0409826187
279 594       0.0421077705
279 274       0.0444959487
279 268       0.0314187914
279 272       0.0271822729
279 592       0.0357014496
279 273       0.0198239789
279 254       0.0377450329
279 275       0.0231507551
279 276       0.0201748065
279 277       0.0116119973
279 587        0.022578816
279 593       0.0300198651
307 310       0.0436853253
307 582       0.0403947684
307 576       0.0422047789
307 584       0.0333114474
307 314       0.0194174396
307 577       0.0357533149
307 203       0.0401028757
307 321       0.0309364824
307 318       0.0193020152
307 320       0.0192038145
307 319       0.0245204506
307 311         0.01219227
307 571       0.0305018574
307 578       0.0277750225
307 322       0.0268674967
310 328        0.037107325
310 580       0.0360785022
310 315       0.0341140182
310 311        0.034949174
310 313       0.0255225716
310 322       0.0273595102
310 584       0.0205671792
310 582       0.0316007171
310 312       0.0139517936
310 321       0.0157629326
310 585       0.0206759821
310 581        0.026895232
310 583       0.0184307336
310 586      0.00894552317
310 329        0.031139436
311 575        0.037915095
311 585       0.0349496559
311 582       0.0282858293
311 310        0.034949174
311 320       0.0290813534
311 319       0.0270866228
311 584       0.0214959586
311 322       0.0264853307
311 314        0.026303427
311 577       0.0257164884
