0 304 CENTRAL FID_1
26 417       0.0223102912
26 28       0.0186581311
26 27       0.0134990588
27 33       0.0159677569
27 26       0.0134990588
27 36       0.0125192277
28 26       0.0186581311
28 27       0.0185707064
28 208       0.0131890099
33 27       0.0159677569
33 39        0.013870726
33 36       0.0141257552
34 39       0.0235869277
34 46       0.0232303501
34 35       0.0122344447
35 39       0.0199190233
35 38       0.0168900237
35 34       0.0122344447
36 33       0.0141257552
36 27       0.0125192277
36 37       0.0116966113
37 211       0.0172898814
37 222       0.0144587014
37 36       0.0116966113
38 36       0.0174655937
38 35       0.0168900237
38 53       0.0148769087
39 34       0.0235869277
39 35       0.0199190233
39 33        0.013870726
46 35       0.0217247895
46 54       0.0110026256
46 47       0.0213453624
47 54       0.0290345284
47 46       0.0213453624
47 55       0.0208786069
53 54       0.0205351338
53 255       0.0159867997
53 38       0.0148769087
54 53       0.0205351338
54 255       0.0142654211
54 46       0.0110026256
55 252       0.0245246299
55 47       0.0208786069
55 250       0.0169523491
178 463       0.0106085312
178 179      0.00924942798
178 490      0.00763717816
179 490       0.0168406179
179 185       0.0109323435
179 178      0.00924942798
180 496       0.0115752269
180 485       0.0103166409
180 500      0.00865447542
185 178       0.0192913671
185 507       0.0170941127
185 179       0.0109323435
190 194       0.0243653192
190 185       0.0218501743
190 192       0.0139939518
192 185       0.0196389278
192 190       0.0139939518
192 507       0.0120275323
193 194       0.0235284997
193 510       0.0226503991
193 195       0.0201182935
194 190       0.0243653192
194 193       0.0235284997
194 207       0.0175688672
195 193       0.0201182935
195 201       0.0161209701
195 570       0.0151424548
200 202       0.0298309057
200 203        0.026438609
200 201       0.0234202209
201 202       0.0199263017
201 195       0.0161209701
201 207       0.0160510104
202 201       0.0199263017
202 570       0.0189031167
202 203       0.0187435402
203 320       0.0231615576
203 319        0.020785281
203 202       0.0187435402
207 195       0.0220562677
207 194       0.0175688672
207 201       0.0160510104
208 419       0.0146928211
208 209       0.0128350275
208 28       0.0131890099
209 435       0.0140842797
209 208       0.0128350275
209 210       0.0116263058
210 211        0.013995004
210 209       0.0116263058
210 213       0.0107844061
211 222       0.0160033037
211 210        0.013995004
211 223       0.0139311649
212 437       0.0152907354
212 215       0.0140977199
212 214      0.00971517092
213 215       0.0121975594
213 216       0.0112278063
213 210       0.0107844061
214 437       0.0136697999
214 212      0.00971517092
214 226      0.00915347119
215 213       0.0121975594
215 218       0.0112281482
215 216       0.0091841006
216 218       0.0155722472
216 213       0.0112278063
216 215       0.0091841006
217 218       0.0131210701
217 221        0.011152051
217 224      0.00864614518
218 227       0.0114437768
218 215       0.0112281482
218 219      0.00874237781
219 226       0.0133463953
219 218      0.00874237781
219 227      0.00757298422
220 221       0.0119402874
220 227      0.00985360982
220 228      0.00827608263
221 235       0.0136844641
221 220       0.0119402874
221 217        0.011152051
222 223       0.0162929339
222 211       0.0160033037
222 37       0.0144587014
223 231       0.0163653578
223 222       0.0162929339
223 211       0.0139311649
224 231       0.0171962661
224 216       0.0168040734
224 217      0.00864614518
225 478       0.0161395659
225 245       0.0139388123
225 228       0.0113422037
226 442       0.0139744113
226 219       0.0133463953
226 214      0.00915347119
227 218       0.0114437768
227 220      0.00985360982
227 219      0.00757298422
228 240       0.0140506152
228 225       0.0113422037
228 220      0.00827608263
229 233       0.0192870121
229 222       0.0171704217
229 231       0.0168217256
230 244       0.0118809786
230 519      0.00925867053
230 246      0.00863795813
231 223       0.0163653578
231 233       0.0146082486
231 232       0.0137845766
232 231       0.0137845766
232 233       0.0134008976
232 236       0.0106731508
233 231       0.0146082486
233 237       0.0140794332
233 232       0.0134008976
234 233       0.0155322248
234 256        0.015262079
234 238       0.0126423147
235 236       0.0110306579
235 240       0.0108878035
235 241       0.0105393948
236 241       0.0114313944
236 235       0.0110306579
236 232       0.0106731508
237 238       0.0145968682
237 233       0.0140794332
237 239       0.0103509763
238 237       0.0145968682
238 234       0.0126423147
238 251       0.0099250106
239 243       0.0133144163
239 236       0.0125830992
239 237       0.0103509763
240 221       0.0139061929
240 241       0.0130910715
240 235       0.0108878035
241 236       0.0114313944
241 235       0.0105393948
241 242      0.00560665644
242 249       0.0108493743
242 246       0.0098470401
242 241      0.00560665644
243 238       0.0157374136
243 239       0.0133144163
243 244      0.00954096257
244 239       0.0133222281
244 230       0.0118809786
244 243      0.00954096257
245 624       0.0146096938
245 225       0.0139388123
245 249       0.0109949972
246 249       0.0120109212
246 242       0.0098470401
246 230      0.00863795813
247 519       0.0155376661
247 518       0.0139236096
247 248       0.0136678315
248 518       0.0156037682
248 267       0.0142430154
248 247       0.0136678315
249 246       0.0120109212
249 245       0.0109949972
249 242       0.0108493743
250 259       0.0200539855
250 258       0.0186745475
250 55       0.0169523491
251 263       0.0143124547
251 264       0.0129395534
251 238       0.0099250106
252 265       0.0245146492
252 259       0.0181819386
252 253      0.00899786909
253 266       0.0204379386
253 259       0.0107716588
253 252      0.00899786909
254 266       0.0154235593
254 274        0.014937543
254 262       0.0150499951
255 257       0.0152273576
255 54       0.0142654211
255 256       0.0131495993
256 234        0.015262079
256 255       0.0131495993
256 257       0.0143191984
257 255       0.0152273576
257 256       0.0143191984
257 260       0.0140345309
258 262       0.0149239145
258 261       0.0139552043
258 259       0.0136628969
259 262        0.016673399
259 258       0.0136628969
259 253       0.0107716588
260 258       0.0184190157
260 261       0.0164389374
260 257       0.0140345309
261 262       0.0162217036
261 258       0.0139552043
261 263       0.0112477095
262 261       0.0162217036
262 254       0.0150499951
262 258       0.0149239145
263 251       0.0143124547
263 264       0.0142963077
263 261       0.0112477095
264 263       0.0142963077
264 251       0.0129395534
264 267      0.00838213344
265 253       0.0232009526
265 266       0.0231651668
265 268       0.0163380455
266 253       0.0204379386
266 262       0.0170492358
266 254       0.0154235593
267 516       0.0171078332
267 248       0.0142430154
267 264      0.00838213344
268 266       0.0210464543
268 265       0.0163380455
268 275       0.0113640827
272 592       0.0204038958
272 276       0.0193037433
272 517       0.0185465133
273 277        0.025081502
273 279       0.0198239789
273 587       0.0111255088
274 517       0.0222431327
274 262       0.0219334613
274 254        0.014937543
275 279       0.0231507551
275 277       0.0123559748
275 268       0.0113640827
276 279       0.0201748065
276 272       0.0193037433
276 254       0.0176177388
277 268       0.0224483552
277 275       0.0123559748
277 279       0.0116119973
279 276       0.0201748065
279 277       0.0116119973
279 273       0.0198239789
307 318       0.0193020152
307 320       0.0192038145
307 311         0.01219227
310 321       0.0157629326
310 312       0.0139517936
310 586      0.00894552317
311 578       0.0175460764
311 318       0.0125913669
311 307         0.01219227
312 586        0.015724162
312 310       0.0139517936
312 313       0.0116240754
313 330       0.0244091926
313 312       0.0116240754
313 315       0.0093863705
314 311        0.026303427
314 307       0.0194174396
314 322       0.0157939653
315 330       0.0271974125
315 312       0.0205702214
315 313       0.0093863705
318 571       0.0144318022
318 311       0.0125913669
318 578       0.0102432843
319 318       0.0187329782
319 320       0.0177935432
319 571        0.014196449
320 203       0.0231615576
320 307       0.0192038145
320 319       0.0177935432
321 312       0.0214285943
321 322       0.0118366697
321 310       0.0157629326
322 311       0.0264853307
322 314       0.0157939653
322 321       0.0118366697
327 333       0.0177474581
327 332       0.0171250055
327 335       0.0118301075
328 329       0.0186503487
328 333       0.0170917829
328 334       0.0145503049
329 330       0.0200002534
329 328       0.0186503487
329 337        0.011816187
330 329       0.0200002534
330 340       0.0199140184
330 343       0.0147273206
332 346       0.0153513085
332 342       0.0116368419
332 335      0.00846398764
333 328       0.0170917829
333 560       0.0126356479
333 334      0.00880055173
334 328       0.0145503049
334 333      0.00880055173
334 337       0.0134781966
335 346       0.0143513098
335 327       0.0118301075
335 332      0.00846398764
336 335        0.015151567
336 339       0.0103065704
336 346      0.00971743272
337 338       0.0156491975
337 334       0.0134781966
337 329        0.011816187
338 339       0.0160463767
338 337       0.0156491975
338 340       0.0138464949
339 338       0.0160463767
339 336       0.0103065704
339 341       0.0156822654
340 343       0.0171137778
340 339        0.017036195
340 338       0.0138464949
341 343       0.0188296644
341 340       0.0176504104
341 339       0.0156822654
342 346        0.012310814
342 604      0.00981017391
342 332       0.0116368419
343 341       0.0188296644
343 340       0.0171137778
343 330       0.0147273206
346 335       0.0143513098
346 342        0.012310814
346 336      0.00971743272
347 342       0.0231862816
347 604       0.0204495317
347 361       0.0197541398
361 347       0.0197541398
361 346       0.0186607099
361 336       0.0192455714
407 432       0.0148329834
407 433       0.0138278223
407 421         0.01177531
416 419       0.0162767631
416 422       0.0139156499
416 418      0.00992037749
417 208       0.0216675851
417 416       0.0199705679
417 419      0.00966687873
418 430       0.0127722624
418 435       0.0102212678
418 416      0.00992037749
419 418       0.0149728617
419 208       0.0146928211
419 417      0.00966687873
421 433       0.0190729563
421 423       0.0183313757
421 407         0.01177531
422 430       0.0166513682
422 416       0.0139156499
422 423      0.00744343899
423 430       0.0132707598
423 431       0.0121542173
423 422      0.00744343899
425 445       0.0140317303
425 429       0.0103139496
425 444      0.00772166392
426 434       0.0164653954
426 439       0.0163519347
426 433       0.0120197961
429 444       0.0164339159
429 432       0.0164245756
429 425       0.0103139496
430 423       0.0132707598
430 431       0.0105735531
430 418       0.0127722624
431 433       0.0167266862
431 423       0.0121542173
431 430       0.0105735531
432 438       0.0155959645
432 407       0.0148329834
432 433       0.0147785931
433 432       0.0147785931
433 407       0.0138278223
433 426       0.0120197961
434 439       0.0150446136
434 436       0.0140773235
434 437       0.0105993742
435 209       0.0140842797
435 436       0.0112275988
435 418       0.0102212678
436 437       0.0146811163
436 434       0.0140773235
436 435       0.0112275988
437 439       0.0141054605
437 214       0.0136697999
437 434       0.0105993742
438 426       0.0171852181
438 432       0.0155959645
438 446       0.0117314219
439 437       0.0141054605
439 440       0.0119540553
439 443      0.00940659194
440 439       0.0119540553
440 443       0.0113168913
440 441      0.00716423831
441 465       0.0127153658
441 460      0.00837476875
441 440      0.00716423831
442 492       0.0143907113
442 226       0.0139744113
442 482      0.00970501638
443 226       0.0162518122
443 439      0.00940659194
443 440       0.0113168913
444 456       0.0103346433
444 425      0.00772166392
444 445      0.00634081926
445 457        0.010283853
445 456      0.00831268689
445 444      0.00634081926
446 441       0.0149759007
446 438       0.0117314219
446 447      0.00812167758
447 456      0.00923001617
447 446      0.00812167758
447 448      0.00915854983
448 447      0.00915854983
448 456      0.00841168782
448 458      0.00753634003
451 457       0.0100563194
451 458       0.0100157408
451 459      0.00847596423
454 462       0.0148019331
454 470       0.0123996982
454 459      0.00897013274
456 447      0.00923001617
456 448      0.00841168782
456 445      0.00831268689
457 458        0.013082132
457 445        0.010283853
457 451       0.0100563194
458 473        0.010903635
458 451       0.0100157408
458 448      0.00753634003
459 462       0.0124390883
459 454      0.00897013274
459 451      0.00847596423
460 464       0.0122148166
460 441      0.00837476875
460 465       0.0044636575
461 451        0.010441836
461 468       0.0103160167
461 462      0.00936789884
462 461      0.00936789884
462 471      0.00927018849
462 470      0.00861956974
463 470      0.00944962469
463 490      0.00711339129
463 472      0.00631648459
464 465       0.0108962639
464 473      0.00925838457
464 474       0.0066453249
465 464       0.0108962639
465 474      0.00895518675
465 460       0.0044636575
466 467       0.0134535144
466 482       0.0129899929
466 476      0.00715356242
467 465       0.0116918113
467 480      0.00916016843
467 476      0.00798022713
468 461       0.0103160167
468 477      0.00999179947
468 473      0.00552303672
469 491      0.00926866803
469 477      0.00805359571
469 471      0.00737989724
470 463      0.00944962469
470 462      0.00861956974
470 472      0.00646810648
471 485       0.0116043997
471 462      0.00927018849
471 469      0.00737989724
472 490       0.0132391696
472 470      0.00646810648
472 463      0.00631648459
473 448      0.00930636886
473 464      0.00925838457
473 468      0.00552303672
474 465      0.00895518675
474 464       0.0066453249
474 475      0.00700238284
475 464        0.011877181
475 477       0.0106941093
475 474      0.00700238284
476 480       0.0116762496
476 467      0.00798022713
476 466      0.00715356242
477 475       0.0106941093
477 468      0.00999179947
477 469      0.00805359571
478 225       0.0161395659
478 484       0.0151433592
478 483       0.0117332751
479 495       0.0113546971
479 477       0.0112187828
479 491      0.00756603842
480 481       0.0132228892
480 476       0.0116762496
480 467      0.00916016843
481 486       0.0115571155
481 497      0.00850768839
481 495       0.0108155578
482 493       0.0126501637
482 442      0.00970501638
482 492      0.00532069462
483 492       0.0121162325
483 493      0.00568340315
483 478       0.0117332751
484 501       0.0155031332
484 489       0.0099454186
484 478       0.0151433592
485 180       0.0103166409
485 490      0.00964540627
485 494      0.00781087974
486 481       0.0115571155
486 497      0.00885794808
486 487       0.0104804169
487 489       0.0155629991
487 486       0.0104804169
487 497      0.00987820181
488 496       0.0124215074
488 495       0.0116373515
488 498      0.00725342078
489 515       0.0136070608
489 486       0.0116165321
489 484       0.0099454186
490 485      0.00964540627
490 178      0.00763717816
490 463      0.00711339129
491 469      0.00926866803
491 479      0.00756603842
491 494       0.0045843392
492 483       0.0121162325
492 493       0.0104265908
492 482      0.00532069462
493 482       0.0126501637
493 492       0.0104265908
493 483      0.00568340315
494 496      0.00954223486
494 485      0.00781087974
494 491       0.0045843392
495 497       0.0111111369
495 481       0.0108155578
495 496       0.0107345663
496 500       0.0106204841
496 485       0.0104479196
496 494      0.00954223486
497 487      0.00987820181
497 486      0.00885794808
497 481      0.00850768839
498 500       0.0141314405
498 513       0.0109129044
498 488      0.00725342078
499 514       0.0179651739
499 509       0.0116901889
499 568       0.0124757474
500 496       0.0106204841
500 180      0.00865447542
500 512       0.0082342172
501 502       0.0140217481
501 503        0.013380769
501 506       0.0113685811
502 501       0.0140217481
502 533       0.0122124812
502 506      0.00888494763
503 534       0.0124410827
503 506       0.0121515151
503 505       0.0103124069
504 511       0.0142609531
504 515       0.0115797081
504 514      0.00771597722
505 544       0.0121143832
505 503       0.0103124069
505 511      0.00917080314
506 503       0.0121515151
506 501       0.0113685811
506 502      0.00888494763
507 180       0.0164772891
507 192       0.0120275323
507 512       0.0109759485
508 498       0.0144717116
508 510       0.0112966926
508 512      0.00992294959
509 513       0.0123704728
509 499       0.0116901889
509 514      0.00681219505
510 498       0.0184840959
510 513       0.0160365169
510 508       0.0112966926
511 544       0.0128661998
511 545       0.0127033808
511 505      0.00917080314
512 507       0.0109759485
512 500       0.0082342172
512 508      0.00992294959
513 514       0.0130839298
513 509       0.0123704728
513 498       0.0109129044
514 513       0.0130839298
514 504      0.00771597722
514 509      0.00681219505
515 489       0.0136070608
515 503       0.0130673194
515 504       0.0115797081
516 248       0.0165332227
516 520       0.0144798407
516 517       0.0156395364
517 272       0.0185465133
517 526       0.0157468429
517 516       0.0156395364
518 247       0.0139236096
518 530       0.0134586953
518 524      0.00843900122
519 531       0.0144435811
519 230      0.00925867053
519 530      0.00894608206
520 527       0.0156777573
520 516       0.0144798407
520 525         0.01035823
521 522       0.0119776268
521 530      0.00970329891
521 523       0.0078541898
522 521       0.0119776268
522 528      0.00946545187
522 524      0.00934683061
523 562       0.0114866448
523 552       0.0111742568
523 521       0.0078541898
524 521       0.0146900262
524 522      0.00934683061
524 518      0.00843900122
525 528       0.0129959939
525 527       0.0124493525
525 520         0.01035823
526 520       0.0166838435
526 517       0.0157468429
526 527       0.0102145367
527 520       0.0156777573
527 525       0.0124493525
527 526       0.0102145367
528 525       0.0129959939
528 529       0.0117834833
528 522      0.00946545187
529 525       0.0155745156
529 528       0.0117834833
529 553       0.0104894516
530 531       0.0100775038
530 521      0.00970329891
530 519      0.00894608206
531 549       0.0119404064
531 530       0.0100775038
531 532      0.00730458167
532 530       0.0133174384
532 531      0.00730458167
532 549      0.00676186313
533 506       0.0131894018
533 502       0.0122124812
533 543        0.011208512
534 503       0.0124410827
534 536       0.0103099517
534 543      0.00847311743
535 537       0.0123856167
535 541      0.00986532771
535 543      0.00835698787
536 546       0.0124166968
536 534       0.0103099517
536 544       0.0101249224
537 548       0.0121247272
537 542       0.0120752448
537 538      0.00820416281
538 550       0.0138975754
538 546      0.00934691581
538 537      0.00820416281
539 573       0.0122086003
539 547       0.0091813769
539 546      0.00810780165
540 541        0.010754974
540 624       0.0107281429
540 561      0.00911764182
541 561       0.0102271706
541 542       0.0100679071
541 535      0.00986532771
542 551       0.0107922695
542 541       0.0100679071
542 548      0.00758476147
543 533        0.011208512
543 534      0.00847311743
543 535      0.00835698787
544 505       0.0121143832
544 536       0.0101249224
544 545       0.0100291486
545 511       0.0127033808
545 547       0.0102062095
545 544       0.0100291486
546 536       0.0124166968
546 538      0.00934691581
546 539      0.00810780165
547 545       0.0102062095
547 572      0.00745250284
547 539       0.0091813769
548 551       0.0114518072
548 565      0.00770865189
548 542      0.00758476147
549 531       0.0119404064
549 551        0.010835563
549 532      0.00676186313
550 538       0.0138975754
550 537       0.0134468268
550 566       0.0127352826
551 561       0.0109002474
551 549        0.010835563
551 542       0.0107922695
552 523       0.0111742568
552 554       0.0108880146
552 563      0.00957609444
553 528        0.016310179
553 529       0.0104894516
553 560      0.00969388552
554 552       0.0108880146
554 563       0.0107699212
554 555      0.00963265862
555 559       0.0112092742
555 565      0.00956929099
555 554      0.00963265862
556 557       0.0115674967
556 563      0.00967620217
556 559       0.0095462105
557 563       0.0147532874
557 556       0.0115674967
557 564       0.0111811388
558 579       0.0132328192
558 566      0.00775907822
558 580      0.00532878984
559 555       0.0112092742
559 556       0.0095462105
559 567      0.00758638002
560 564       0.0165569126
560 553      0.00969388552
560 333       0.0126356479
561 551       0.0109002474
561 541       0.0102271706
561 540      0.00911764182
562 522       0.0135045365
562 523       0.0114866448
562 564      0.00932274467
563 554       0.0107699212
563 556      0.00967620217
563 552      0.00957609444
564 563       0.0123731394
564 557       0.0111811388
564 562      0.00932274467
565 555      0.00956929099
565 566      0.00859688778
565 548      0.00770865189
566 555       0.0112389484
566 565      0.00859688778
566 558      0.00775907822
567 557       0.0152588922
567 556       0.0130242573
567 559      0.00758638002
568 574       0.0180996941
568 570       0.0157384124
568 499       0.0124757474
569 550       0.0151337054
569 579       0.0134802007
569 573      0.00812539448
570 574       0.0177701563
570 568       0.0157384124
570 195       0.0151424548
571 318       0.0144318022
571 319        0.014196449
571 576       0.0123939235
572 575       0.0132935994
572 574       0.0117068486
572 547      0.00745250284
573 546       0.0136292695
573 539       0.0122086003
573 569      0.00812539448
574 570       0.0177701563
574 576       0.0130063169
574 572       0.0117068486
575 577       0.0146482367
575 573       0.0140925081
575 572       0.0132935994
576 575       0.0186052805
576 574       0.0130063169
576 571       0.0123939235
577 569       0.0157430271
577 575       0.0146482367
577 578      0.00817745941
578 582       0.0170514907
578 318       0.0102432843
578 577      0.00817745941
579 558       0.0132328192
579 580       0.0122193098
579 582       0.0100897252
580 579       0.0122193098
580 581       0.0098330408
580 558      0.00532878984
581 558       0.0150035518
581 580       0.0098330408
581 585      0.00872951031
582 585       0.0148816298
582 584       0.0129603262
582 579       0.0100897252
583 585       0.0163057039
583 581       0.0155113886
583 586       0.0105429766
584 578       0.0199493171
584 585       0.0134712645
584 582       0.0129603262
585 582       0.0148816298
585 584       0.0134712645
585 581      0.00872951031
586 312        0.015724162
586 583       0.0105429766
586 310      0.00894552317
587 279        0.022578816
587 593       0.0152927198
587 273       0.0111255088
588 596       0.0184067936
588 595        0.013826704
588 592       0.0137463874
591 527       0.0195321492
591 595       0.0179848614
591 332       0.0176938553
592 594       0.0194533284
592 593       0.0184301242
592 588       0.0137463874
593 592       0.0184301242
593 587       0.0152927198
593 594       0.0122993021
594 593       0.0122993021
594 596       0.0121114629
594 598       0.0114087976
595 588        0.013826704
595 597       0.0132717604
595 596        0.012314468
596 595        0.012314468
596 600      0.00984290695
596 594       0.0121114629
597 595       0.0132717604
597 600         0.01021517
597 604      0.00572486633
598 596       0.0183053672
598 600        0.015681239
598 594       0.0114087976
600 604       0.0143208299
600 597         0.01021517
600 596      0.00984290695
604 600       0.0143208299
604 342      0.00981017391
604 597      0.00572486633
624 249       0.0165444115
624 245       0.0146096938
624 540       0.0107281429
