0 304 CENTRAL FID_1
26 34       0.0611770165
26 215         0.06089346
26 229       0.0605868684
26 422       0.0557499428
26 423       0.0608096519
26 216       0.0575793715
26 212       0.0576951229
26 37       0.0302258959
26 211       0.0387469852
26 223       0.0523459232
26 430       0.0551260261
26 213       0.0487212492
26 435       0.0425872599
26 35       0.0526840823
26 53       0.0559303071
26 36       0.0259496964
26 28       0.0186581311
26 27       0.0134990588
26 417       0.0223102912
26 39       0.0390211068
26 416       0.0419697364
26 222       0.0443842337
26 208       0.0277048081
26 210       0.0379462817
26 38       0.0428523854
26 418        0.042414915
26 209       0.0403978167
26 33       0.0267670674
26 419       0.0274546988
26 436       0.0523298063
27 46       0.0590804991
27 215       0.0584004702
27 212       0.0584081699
27 416       0.0525386939
27 255       0.0581785908
27 213       0.0464125055
27 436       0.0567029869
27 34       0.0498123294
27 53       0.0424923464
27 435       0.0486484227
27 216       0.0532382616
27 223       0.0444534649
27 211       0.0322007455
27 418       0.0509764599
27 231       0.0562041578
27 35       0.0402831685
27 37       0.0191058308
27 38       0.0293912375
27 222        0.033543337
27 417       0.0340449392
27 33       0.0159677569
27 26       0.0134990588
27 210       0.0363236364
27 28       0.0185707064
27 208        0.031398207
27 36       0.0125192277
27 209       0.0424821805
27 419       0.0366984831
27 39       0.0296849236
27 229       0.0486543515
28 224       0.0512557196
28 214       0.0499853592
28 437       0.0510240314
28 39       0.0479128252
28 430       0.0462799444
28 436       0.0382205846
28 231       0.0505556275
28 36       0.0245543657
28 417       0.0249105439
28 216       0.0389772569
28 215       0.0423235144
28 213       0.0301300921
28 418       0.0349562052
28 212       0.0403562053
28 53       0.0504950233
28 37       0.0205708807
28 27       0.0185707064
28 211       0.0215327863
28 223       0.0354638403
28 416       0.0389325778
28 208       0.0131890099
28 38        0.041097349
28 210       0.0193968831
28 26       0.0186581311
28 435       0.0308525966
28 222       0.0316554861
28 209       0.0239532398
28 33        0.034044212
28 419        0.022761559
28 229       0.0488207503
33 257       0.0669263433
33 435       0.0645426508
33 418       0.0668954624
33 216       0.0642428013
33 419       0.0524574292
33 213        0.059237062
33 47       0.0626911735
33 223       0.0522606512
33 255       0.0519129084
33 417       0.0488816191
33 229       0.0487801789
33 210       0.0500358747
33 208       0.0471269576
33 209       0.0575715322
33 256        0.061325729
33 39        0.013870726
33 37       0.0258162083
33 34       0.0344401693
33 222       0.0377976688
33 38       0.0211796063
33 27       0.0159677569
33 26       0.0267670674
33 35       0.0263030067
33 28        0.034044212
33 36       0.0141257552
33 211       0.0426208806
33 54       0.0512516723
33 46       0.0470307709
33 53       0.0360470012
33 231       0.0604105401
34 253       0.0763359224
34 231       0.0714778078
34 259       0.0741728059
34 260        0.067880926
34 223       0.0710376274
34 252       0.0721354584
34 258       0.0723043901
34 229       0.0550913534
34 26       0.0611770165
34 211       0.0670313814
34 250       0.0548036086
34 234       0.0715829821
34 222       0.0548082025
34 257       0.0539821052
34 233       0.0721467517
34 54       0.0332662091
34 27       0.0498123294
34 35       0.0122344447
34 53       0.0344329714
34 47       0.0300688127
34 255       0.0432760454
34 46       0.0232303501
34 37       0.0506079888
34 256       0.0563281857
34 36       0.0418993483
34 38       0.0291060308
34 39       0.0235869277
34 55       0.0476626467
34 33       0.0344401693
34 28       0.0662373296
35 232       0.0718085199
35 234       0.0629262217
35 258       0.0695440293
35 231         0.05990936
35 223       0.0588417823
35 260       0.0621742839
35 208       0.0684171039
35 257       0.0481563181
35 27       0.0402831685
35 211       0.0549069027
35 250       0.0536382753
35 26       0.0526840823
35 222       0.0425928642
35 233       0.0617305367
35 210       0.0665121329
35 54       0.0287668719
35 229       0.0438696969
35 53       0.0236530472
35 47       0.0365426412
35 255       0.0352953193
35 46       0.0217247895
35 37       0.0387404949
35 256       0.0477677296
35 36       0.0308975101
35 38       0.0168900237
35 34       0.0122344447
35 39       0.0199190233
35 55       0.0503151314
35 33       0.0263030067
35 28       0.0554495664
36 215       0.0570124574
36 224       0.0558566596
36 233       0.0561694499
36 419       0.0461737823
36 435       0.0552436412
36 213       0.0459158691
36 256       0.0527515757
36 223       0.0381835558
36 34       0.0418993483
36 417       0.0451752264
36 216       0.0502787131
36 210       0.0374338075
36 208       0.0375465549
36 46       0.0477367208
36 54       0.0488698445
36 229       0.0374582457
36 37       0.0116966113
36 35       0.0308975101
36 222       0.0243094728
36 53       0.0299846922
36 27       0.0125192277
36 26       0.0259496964
36 33       0.0141257552
36 38       0.0174655937
36 28       0.0245543657
36 211       0.0287086812
36 209       0.0462676801
36 255       0.0456647315
36 39       0.0265472336
36 231       0.0472354279
37 54       0.0504280312
37 217       0.0500608898
37 212       0.0499409175
37 224       0.0443797843
37 435       0.0488502205
37 216       0.0387055517
37 256       0.0481832048
37 229       0.0303873514
37 419       0.0433168653
37 417        0.044813583
37 215       0.0457502709
37 213       0.0351225763
37 208       0.0317660869
37 255       0.0439000439
37 233       0.0477181051
37 33       0.0258162083
37 35       0.0387404949
37 222       0.0144587014
37 38       0.0224943191
37 27       0.0191058308
37 26       0.0302258959
37 36       0.0116966113
37 210       0.0277722087
37 28       0.0205708807
37 53       0.0299949839
37 211       0.0172898814
37 209       0.0379463597
37 39       0.0379347431
37 223       0.0266538532
37 231       0.0371426655
38 224       0.0582705013
38 232       0.0579918122
38 216       0.0576796229
38 231       0.0451599766
38 250       0.0576622333
38 210       0.0500973927
38 213       0.0564218026
38 54       0.0316764683
38 211       0.0380876776
38 47       0.0498810554
38 234       0.0544326743
38 28        0.041097349
38 223       0.0422510775
38 233       0.0496686573
38 208       0.0535279458
38 27       0.0293912375
38 229       0.0305682635
38 35       0.0168900237
38 53       0.0148769087
38 222        0.025958156
38 255       0.0307454974
38 46       0.0303706743
38 26       0.0428523854
38 256       0.0404472615
38 36       0.0174655937
38 34       0.0291060308
38 37       0.0224943191
38 39       0.0248989484
38 33       0.0211796063
38 257       0.0458209818
39 233       0.0745583304
39 250       0.0735572518
39 213       0.0724254188
39 231       0.0691985411
39 210       0.0635786511
39 419       0.0657020556
39 209       0.0714056781
39 229       0.0553956384
39 222       0.0477917288
39 47       0.0534584839
39 417       0.0613279625
39 256        0.064224787
39 223       0.0633727557
39 208       0.0609768071
39 55       0.0695112747
39 54       0.0484382845
39 27       0.0296849236
39 35       0.0199190233
39 53       0.0384091404
39 37       0.0379347431
39 255       0.0528987281
39 46       0.0415497566
39 26       0.0390211068
39 28       0.0479128252
39 211       0.0551760975
39 38       0.0248989484
39 34       0.0235869277
39 36       0.0265472336
39 33        0.013870726
39 257       0.0669093758
46 262       0.0637670242
46 238       0.0633878064
46 251        0.062626658
46 231       0.0593516715
46 261       0.0584595312
46 253       0.0557656073
46 27       0.0590804991
46 259       0.0521234044
46 260       0.0451832795
46 258       0.0491874876
46 250       0.0322543477
46 252       0.0531517027
46 234        0.051748051
46 36       0.0477367208
46 233       0.0558798069
46 54       0.0110026256
46 229       0.0426608683
46 35       0.0217247895
46 53       0.0241981977
46 47       0.0213453624
46 255       0.0242030242
46 257       0.0316069949
46 256       0.0370343125
46 33       0.0470307709
46 38       0.0303706743
46 34       0.0232303501
46 39       0.0415497566
46 55       0.0292303657
46 222       0.0495494005
46 37       0.0518075995
47 263       0.0755772765
47 233       0.0749593173
47 251        0.075287024
47 265       0.0677883604
47 266       0.0694158408
47 234       0.0680779704
47 37       0.0721178686
47 229       0.0635418962
47 253       0.0496486878
47 257       0.0451828468
47 250       0.0344602445
47 262       0.0655072147
47 33       0.0626911735
47 258       0.0530700717
47 222       0.0708369362
47 54       0.0290345284
47 256       0.0548103169
47 35       0.0365426412
47 53       0.0455352612
47 34       0.0300688127
47 255        0.043281158
47 46       0.0213453624
47 39       0.0534584839
47 252       0.0439064907
47 260       0.0562944993
47 38       0.0498810554
47 55       0.0208786069
47 259       0.0503136447
47 261       0.0654807231
47 36        0.066526275
53 210       0.0546097179
53 55       0.0496870749
53 238        0.053051805
53 27       0.0424923464
53 47       0.0455352612
53 232       0.0484718175
53 224       0.0530417059
53 231       0.0373633437
53 33       0.0360470012
53 211       0.0409540255
53 250       0.0450944683
53 260        0.044094398
53 234       0.0404126614
53 39       0.0384091404
53 237       0.0513047135
53 54       0.0205351338
53 229       0.0207230882
53 35       0.0236530472
53 223       0.0400138863
53 255       0.0159867997
53 46       0.0241981977
53 37       0.0299949839
53 256       0.0258751727
53 257       0.0311837395
53 38       0.0148769087
53 34       0.0344329714
53 233        0.038077532
53 36       0.0299846922
53 222       0.0254097735
53 28       0.0504950233
54 237       0.0562444383
54 262       0.0557046184
54 251       0.0516895668
54 238       0.0524076067
54 231       0.0511903466
54 253       0.0515375747
54 33       0.0512516723
54 256       0.0264651742
54 234       0.0408902621
54 34       0.0332662091
54 47       0.0290345284
54 252       0.0506766867
54 39       0.0484382845
54 259       0.0460488668
54 37       0.0504280312
54 257       0.0208003117
54 35       0.0287668719
54 53       0.0205351338
54 55       0.0292030942
54 255       0.0142654211
54 46       0.0110026256
54 250       0.0261105157
54 261       0.0487081084
54 233       0.0460720124
54 38       0.0316764683
54 222       0.0451593306
54 229       0.0350777454
54 258       0.0408210255
54 260       0.0346194254
54 36       0.0488698445
55 39       0.0695112747
55 229       0.0625649214
55 233       0.0687544452
55 251       0.0610409092
55 266       0.0485642567
55 38       0.0591294706
55 274       0.0669444878
55 35       0.0503151314
55 53       0.0496870749
55 255       0.0404870035
55 261       0.0475870132
55 256        0.048201532
55 263        0.058427361
55 254        0.058541603
55 238       0.0661670559
55 258       0.0341505375
55 54       0.0292030942
55 265       0.0490258468
55 262       0.0452606653
55 47       0.0208786069
55 46       0.0292303657
55 250       0.0169523491
55 257        0.035056387
55 259       0.0295620461
55 252       0.0245246299
55 234       0.0582086743
55 260       0.0421124887
55 34       0.0476626467
55 253       0.0290773561
55 268       0.0619400323
178 468        0.042035032
178 498       0.0377116341
178 451        0.040837535
178 461       0.0341698684
178 508       0.0357125702
178 477       0.0356977111
178 190       0.0396640884
178 454       0.0308922642
178 472       0.0144313578
178 495       0.0349792651
178 488       0.0355878884
178 469       0.0277841781
178 507       0.0216510288
178 192       0.0319234639
178 479        0.035895444
178 494       0.0243635233
178 491       0.0283959978
178 463       0.0106085312
178 179      0.00924942798
178 185       0.0192913671
178 462       0.0255651137
178 470       0.0196768183
178 496        0.024849454
178 500       0.0236281471
178 180       0.0152162119
178 485       0.0166762587
178 490      0.00763717816
178 471       0.0208622056
178 512       0.0258363343
178 459       0.0352868068
179 451       0.0488429284
179 461       0.0429414952
179 510       0.0480842568
179 459       0.0425359703
179 498        0.042198668
179 469       0.0370294286
179 477       0.0449465382
179 491       0.0373406359
179 472       0.0209547049
179 508       0.0369714336
179 488        0.041463792
179 500       0.0282682388
179 190       0.0325268318
179 471       0.0300479296
179 479       0.0447524134
179 494       0.0331337737
179 454       0.0368202425
179 463       0.0190153747
179 185       0.0109323435
179 462       0.0340101652
179 470        0.027091905
179 496       0.0321473826
179 490       0.0168406179
179 180       0.0210874941
179 485       0.0253325963
179 507       0.0200353251
179 192        0.027506905
179 512       0.0277938482
179 178      0.00924942798
179 495       0.0427191588
180 487       0.0373702446
180 510       0.0339525987
180 461       0.0358874424
180 477       0.0316395265
180 192       0.0284706414
180 513       0.0333763208
180 497       0.0317625809
180 462       0.0299883063
180 469       0.0254280183
180 471       0.0214797497
180 491       0.0209390963
180 463       0.0195275652
180 481       0.0330646859
180 479        0.027165742
180 185       0.0262454443
180 470       0.0282059442
180 498       0.0225549587
180 485       0.0103166409
180 507       0.0164772891
180 490       0.0124517664
180 494       0.0163812203
180 488        0.020565815
180 178       0.0152162119
180 512       0.0135757108
180 495       0.0223054511
180 496       0.0115752269
180 500      0.00865447542
180 508       0.0231037189
180 179       0.0210874941
180 472       0.0256880483
185 461       0.0534521552
185 454       0.0476224203
185 513        0.052709862
185 510       0.0451333149
185 491       0.0454920325
185 469       0.0465968818
185 479       0.0525468059
185 463       0.0296668831
185 508       0.0349201447
185 193       0.0446374625
185 488       0.0447279362
185 496       0.0378140504
185 471       0.0399842063
185 494       0.0410159007
185 495       0.0485294799
185 507       0.0170941127
185 192       0.0196389278
185 512       0.0275697796
185 179       0.0109323435
185 498       0.0436629984
185 462       0.0447091353
185 470       0.0380061406
185 190       0.0218501743
185 485       0.0333315381
185 500       0.0310682834
185 490       0.0263203164
185 472       0.0318859418
185 180       0.0262454443
185 178       0.0192913671
185 194       0.0459530632
190 509       0.0605706216
190 471       0.0590226706
190 495       0.0603842698
190 485       0.0499906338
190 201       0.0545807913
190 494       0.0568027284
190 568       0.0601154111
190 510       0.0412789477
190 508       0.0352599093
190 463       0.0502699324
190 488       0.0527631246
190 513       0.0543235966
190 472         0.05331968
190 490       0.0455060391
190 470       0.0591750927
190 507       0.0243685093
190 192       0.0139939518
190 512       0.0336658861
190 179       0.0325268318
190 498       0.0487199889
190 185       0.0218501743
190 195       0.0482202202
190 207       0.0410777958
190 194       0.0243653192
190 496       0.0506372626
190 500       0.0408757376
190 178       0.0396640884
190 180       0.0404370834
190 193       0.0300360612
190 499       0.0584168324
192 470       0.0514239595
192 495       0.0469308394
192 568        0.051367816
192 195       0.0451061795
192 207       0.0447568807
192 471       0.0488139855
192 491       0.0491941982
192 180       0.0284706414
192 485       0.0386069528
192 178       0.0319234639
192 488       0.0388444241
192 494       0.0447146021
192 472       0.0463399058
192 463       0.0420341157
192 509       0.0479818583
192 179        0.027506905
192 185       0.0196389278
192 190       0.0139939518
192 498       0.0347347981
192 507       0.0120275323
192 510       0.0289822378
192 490       0.0361030673
192 512       0.0198639216
192 193       0.0250306138
192 513       0.0407500704
192 496       0.0376498099
192 508       0.0215538183
192 500       0.0274569756
192 194       0.0312304444
192 499       0.0474514816
193 572       0.0543166406
193 180        0.046678353
193 576       0.0533820704
193 498       0.0395315876
193 488       0.0463539115
193 179       0.0521230205
193 504       0.0531291076
193 207       0.0264969572
193 201       0.0320935372
193 509        0.039001586
193 514       0.0454508004
193 574       0.0463165195
193 496       0.0515515018
193 185       0.0446374625
193 511       0.0521927579
193 195       0.0201182935
193 510       0.0226503991
193 194       0.0235284997
193 570        0.031437387
193 499       0.0325609329
193 507       0.0333691168
193 568       0.0309768835
193 192       0.0250306138
193 512       0.0335048316
193 202        0.043621609
193 508       0.0263824336
193 513       0.0386671878
193 500       0.0412970238
193 190       0.0300360612
193 545       0.0514836724
194 514       0.0688105372
194 178       0.0624011617
194 576       0.0682829163
194 180       0.0594394129
194 513       0.0609397529
194 496        0.067496591
194 490       0.0672118564
194 507       0.0431844252
194 512       0.0486877539
194 200       0.0487434389
194 498        0.059546502
194 488       0.0655389123
194 509       0.0624632084
194 500       0.0568983113
194 203       0.0649075149
194 193       0.0235284997
194 195       0.0322612995
194 192       0.0312304444
194 510       0.0450554613
194 508       0.0451537409
194 207       0.0175688672
194 201        0.032845432
194 179       0.0562592103
194 185       0.0459530632
194 190       0.0243653192
194 499       0.0558704063
194 568       0.0523388307
194 202       0.0515306851
194 570       0.0473070839
194 574       0.0646277548
195 539       0.0565669627
195 498       0.0536196887
195 511       0.0521684092
195 507       0.0532016382
195 514       0.0508024667
195 547       0.0474572009
195 575       0.0508485335
195 200       0.0393040501
195 512       0.0517818734
195 509       0.0440323746
195 571       0.0476113265
195 576       0.0361823671
195 194       0.0322612995
195 319       0.0485713127
195 513       0.0490020773
195 193       0.0201182935
195 192       0.0451061795
195 510        0.035135672
195 499       0.0334679983
195 508       0.0431080866
195 568       0.0245273141
195 207       0.0220562677
195 574       0.0327933804
195 202       0.0235051374
195 201       0.0161209701
195 570       0.0151424548
195 545       0.0466055887
195 572       0.0433335838
195 203       0.0412746621
195 190       0.0482202202
200 509       0.0826999681
200 547       0.0765163416
200 508       0.0807956465
200 499       0.0714830846
200 510       0.0741009016
200 192       0.0762515565
200 314       0.0798658115
200 571         0.05637344
200 572       0.0699709309
200 575       0.0705401529
200 193       0.0548157585
200 577       0.0756410734
200 307       0.0660202431
200 318       0.0654906318
200 545       0.0796708375
200 320       0.0477191778
200 195       0.0393040501
200 319       0.0467900996
200 574       0.0584089275
200 203        0.026438609
200 576       0.0519508552
200 207       0.0318762286
200 311       0.0728190646
200 578       0.0735145019
200 194       0.0487434389
200 202       0.0298309057
200 201       0.0234202209
200 570       0.0450956026
200 568       0.0603476554
200 190       0.0728381455
201 511       0.0672831118
201 547       0.0593035337
201 514       0.0668175966
201 320       0.0549330104
201 575       0.0583129144
201 545        0.060326862
201 512       0.0654895475
201 571       0.0496835109
201 572       0.0538768841
201 576       0.0407369638
201 510        0.050680687
201 508       0.0576006895
201 568       0.0391825863
201 507       0.0650867283
201 513       0.0650223164
201 195       0.0161209701
201 499       0.0492601756
201 319       0.0458943641
201 574       0.0423043995
201 203       0.0321777702
201 200       0.0234202209
201 193       0.0320935372
201 207       0.0160510104
201 190       0.0545807913
201 192       0.0552661967
201 194        0.032845432
201 202       0.0199263017
201 570       0.0256414242
201 509       0.0600745688
201 318       0.0624123109
202 544       0.0602551259
202 509       0.0584679431
202 569       0.0581860579
202 547        0.046906864
202 499       0.0467791937
202 510       0.0555364513
202 573       0.0548353108
202 320       0.0381829392
202 572       0.0401964785
202 575       0.0412313801
202 193        0.043621609
202 307       0.0507011333
202 539       0.0545481455
202 201       0.0199263017
202 311       0.0529758447
202 195       0.0235051374
202 571       0.0300320869
202 319       0.0264061919
202 574        0.028750435
202 203       0.0187435402
202 576       0.0227032069
202 200       0.0298309057
202 207       0.0357558645
202 568       0.0344615337
202 577       0.0484096984
202 194       0.0515306851
202 545       0.0509734768
202 570       0.0189031167
202 318       0.0424866707
202 578       0.0481690947
203 539       0.0664490265
203 545       0.0662571259
203 584       0.0652521047
203 547       0.0602708645
203 194       0.0649075149
203 193       0.0611897356
203 582       0.0651989478
203 201       0.0321777702
203 568       0.0524278194
203 570       0.0373156502
203 572        0.052935629
203 314       0.0556712128
203 577       0.0514485049
203 569       0.0646875476
203 499       0.0648853391
203 200        0.026438609
203 319        0.020785281
203 195       0.0412746621
203 207       0.0475954859
203 571        0.032428861
203 202       0.0187435402
203 318        0.039483966
203 307       0.0401028757
203 311       0.0463818913
203 574       0.0428772454
203 575       0.0494904787
203 578       0.0481682518
203 320       0.0231615576
203 576       0.0322503344
203 573       0.0635567802
207 320       0.0706220464
207 545       0.0684316832
207 547       0.0695006567
207 512         0.05878351
207 498       0.0660270328
207 572       0.0651578514
207 514       0.0693380446
207 507       0.0559098881
207 576       0.0551056898
207 508       0.0526802661
207 574       0.0542031205
207 571       0.0649853278
207 319       0.0619204472
207 500       0.0668908846
207 513       0.0644907749
207 193       0.0264969572
207 195       0.0220562677
207 192       0.0447568807
207 510       0.0487156998
207 200       0.0318762286
207 568        0.046185049
207 202       0.0357558645
207 185         0.06187489
207 190       0.0410777958
207 194       0.0175688672
207 499       0.0534030348
207 203       0.0475954859
207 570       0.0364624434
207 201       0.0160510104
207 509       0.0625622595
208 226       0.0491563614
208 423       0.0435249449
208 218       0.0472744521
208 422       0.0414240531
208 437       0.0389012448
208 431       0.0438352722
208 33       0.0471269576
208 214       0.0400036526
208 222       0.0396689242
208 223       0.0380706796
208 430       0.0334520117
208 215       0.0360483746
208 213       0.0247693998
208 216       0.0355878106
208 434       0.0391721726
208 211       0.0254409416
208 27        0.031398207
208 28       0.0131890099
208 36       0.0375465549
208 417       0.0216675851
208 37       0.0317660869
208 416       0.0289467976
208 26       0.0277048081
208 210       0.0152014061
208 418       0.0229864501
208 435       0.0177046033
208 209       0.0128350275
208 419       0.0146928211
208 212        0.030323112
208 436       0.0253825227
209 422       0.0421811943
209 217       0.0421141474
209 222       0.0415672548
209 423       0.0420441207
209 219       0.0392472414
209 26       0.0403978167
209 439       0.0409511112
209 226       0.0363229442
209 37       0.0379463597
209 431       0.0387925597
209 417       0.0323984431
209 211       0.0256089447
209 214       0.0271697586
209 434       0.0295653641
209 218       0.0360207768
209 419        0.023454089
209 216       0.0268862252
209 212       0.0175013107
209 437       0.0271172955
209 430        0.029648229
209 416       0.0326187789
209 435       0.0140842797
209 436       0.0155924129
209 215       0.0249361409
209 210       0.0116263058
209 213       0.0157220971
209 28       0.0239532398
209 208       0.0128350275
209 418       0.0236828706
209 223       0.0347294318
210 416       0.0420740918
210 430       0.0412000122
210 231       0.0403239801
210 36       0.0374338075
210 226       0.0404243374
210 26       0.0379462817
210 434       0.0402420908
210 28       0.0193968831
210 417       0.0368130296
210 212       0.0226162155
210 217       0.0362964284
210 27       0.0363236364
210 437       0.0359022757
210 419        0.029631433
210 219       0.0394346246
210 213       0.0107844061
210 224       0.0355126401
210 218       0.0338578533
210 209       0.0116263058
210 208       0.0152014061
210 214       0.0317667894
210 223       0.0239786078
210 211        0.013995004
210 215       0.0229479592
210 435       0.0252747937
210 418        0.034083812
210 37       0.0277722087
210 216       0.0207057107
210 436       0.0266900319
210 222       0.0299814114
211 417         0.04500485
211 219        0.044709813
211 233       0.0432165796
211 214       0.0417037098
211 53       0.0409540255
211 436       0.0405576672
211 33       0.0426208806
211 419       0.0398991989
211 212       0.0338580001
211 435       0.0389527756
211 26       0.0387469852
211 28       0.0215327863
211 218       0.0371768366
211 38       0.0380876776
211 232        0.041748517
211 224        0.030366921
211 37       0.0172898814
211 209       0.0256089447
211 222       0.0160033037
211 27       0.0322007455
211 216       0.0216267464
211 231       0.0294500882
211 215       0.0284681001
211 210        0.013995004
211 213        0.018334127
211 208       0.0254409416
211 36       0.0287086812
211 217       0.0344418623
211 223       0.0139311649
211 229       0.0314970753
212 220       0.0401153284
212 431       0.0393284129
212 419       0.0395344482
212 221       0.0391938465
212 223       0.0365135469
212 418       0.0343872368
212 426       0.0391581381
212 217       0.0327964436
212 211       0.0338580001
212 208        0.030323112
212 442       0.0327490312
212 443       0.0280043703
212 439       0.0288039331
212 224       0.0373713458
212 440       0.0385630529
212 209       0.0175013107
212 435       0.0245237724
212 226       0.0188504731
212 219       0.0231604247
212 216       0.0215978411
212 437       0.0152907354
212 215       0.0140977199
212 214      0.00971517092
212 210       0.0226162155
212 213       0.0158302831
212 434       0.0235082447
212 227       0.0305164883
212 430       0.0338309647
212 218       0.0225999919
212 436       0.0159355738
213 439       0.0446305815
213 430       0.0434027552
213 443        0.043365857
213 222       0.0330098917
213 418       0.0392298088
213 220       0.0420435827
213 434       0.0377884943
213 28       0.0301300921
213 208       0.0247693998
213 419       0.0382116828
213 221       0.0365156835
213 437       0.0309335087
213 219       0.0288101244
213 435       0.0292567071
213 231       0.0365807495
213 215       0.0121975594
213 212       0.0158302831
213 214       0.0233825349
213 226       0.0312710271
213 37       0.0351225763
213 227       0.0342513914
213 223       0.0215156336
213 217       0.0267375701
213 211        0.018334127
213 216       0.0112278063
213 218       0.0230845089
213 209       0.0157220971
213 210       0.0107844061
213 436       0.0262371217
213 224       0.0276876273
214 430       0.0385191765
214 426       0.0373616752
214 224       0.0384634054
214 217       0.0320510676
214 221       0.0357485449
214 492       0.0360431344
214 441       0.0381606767
214 442        0.023035613
214 493       0.0320064895
214 435       0.0324635045
214 227       0.0241163537
214 220       0.0339697189
214 482       0.0323303877
214 483       0.0374734576
214 466       0.0366755743
214 437       0.0136697999
214 226      0.00915347119
214 219       0.0165644614
214 215       0.0161638431
214 210       0.0317667894
214 213       0.0233825349
214 212      0.00971517092
214 218       0.0195705781
214 440       0.0315641314
214 216       0.0252870694
214 209       0.0271697586
214 443       0.0203688258
214 439       0.0238398177
214 434       0.0241440113
214 436       0.0221802552
215 222       0.0407765965
215 240       0.0404113113
215 228       0.0384160887
215 439        0.039888854
215 443       0.0362626242
215 235       0.0372362065
215 434       0.0373146181
215 220       0.0303105742
215 219       0.0167037259
215 209       0.0249361409
215 435       0.0362450477
215 436        0.029534218
215 211       0.0284681001
215 442       0.0343288385
215 231       0.0372666906
215 217       0.0188457099
215 216       0.0091841006
215 213       0.0121975594
215 227       0.0221068391
215 212       0.0140977199
215 214       0.0161638431
215 226       0.0216758369
215 224       0.0233878954
215 437       0.0280241541
215 223       0.0259536218
215 218       0.0112281482
215 210       0.0229479592
215 221       0.0265052494
215 208       0.0360483746
215 493        0.036538475
216 228       0.0405696508
216 435       0.0400668978
216 229       0.0405285787
216 437       0.0364665834
216 37       0.0387055517
216 28       0.0389772569
216 240       0.0393193849
216 221       0.0259870272
216 227       0.0269157438
216 208       0.0355878106
216 436       0.0354912349
216 226       0.0306607957
216 231       0.0285435785
216 209       0.0268862252
216 236       0.0386276627
216 210       0.0207057107
216 213       0.0112278063
216 217       0.0156599501
216 218       0.0155722472
216 220       0.0331318576
216 222       0.0321660798
216 235       0.0337873759
216 215       0.0091841006
216 211       0.0216267464
216 223       0.0168483831
216 224       0.0168040734
216 219       0.0234788413
216 212       0.0215978411
216 214       0.0252870694
216 232       0.0345428399
217 245       0.0394792402
217 225       0.0383045063
217 249       0.0385438329
217 483        0.037347134
217 231         0.02584038
217 210       0.0362964284
217 239       0.0379884916
217 236       0.0254338194
217 211       0.0344418623
217 223       0.0238341686
217 219       0.0209431079
217 242       0.0346946838
217 228       0.0272061262
217 226       0.0332108015
217 233       0.0365580139
217 221        0.011152051
217 240       0.0237538424
217 214       0.0320510676
217 220       0.0212386896
217 224      0.00864614518
217 216       0.0156599501
217 215       0.0188457099
217 232       0.0249833137
217 213       0.0267375701
217 227       0.0194502482
217 218       0.0131210701
217 241       0.0290959663
217 235       0.0185566033
217 212       0.0327964436
217 493       0.0353567473
218 225       0.0383091753
218 211       0.0371768366
218 232       0.0381036596
218 442       0.0292385122
218 209       0.0360207768
218 223       0.0308291395
218 236       0.0378191438
218 220       0.0190843419
218 213       0.0230845089
218 492       0.0359616132
218 482       0.0348885881
218 483       0.0308102623
218 493       0.0271755614
218 210       0.0338578533
218 231       0.0376025389
218 217       0.0131210701
218 216       0.0155722472
218 219      0.00874237781
218 215       0.0112281482
218 227       0.0114437768
218 212       0.0225999919
218 214       0.0195705781
218 226       0.0201041275
218 240       0.0303235806
218 228       0.0271972885
218 224       0.0209005591
218 235       0.0291760619
218 221       0.0166578636
218 437       0.0332065347
218 443       0.0363386114
219 210       0.0394346246
219 466       0.0359892044
219 223       0.0394057779
219 235       0.0342108492
219 478       0.0358357732
219 209       0.0392472414
219 436       0.0382201753
219 437       0.0297278573
219 213       0.0288101244
219 225       0.0356297812
219 221       0.0206009482
219 492       0.0277307925
219 240       0.0326278138
219 224       0.0292308319
219 439       0.0363778619
219 215       0.0167037259
219 212       0.0231604247
219 214       0.0165644614
219 483       0.0243056098
219 226       0.0133463953
219 228       0.0255389479
219 227      0.00757298422
219 493       0.0198361208
219 217       0.0209431079
219 220       0.0174204707
219 216       0.0234788413
219 218      0.00874237781
219 442       0.0205520651
219 482       0.0262819238
219 443       0.0293152248
220 624        0.040934984
220 212       0.0401153284
220 232       0.0397569112
220 502       0.0363981139
220 214       0.0339697189
220 215       0.0303105742
220 484       0.0390821898
220 482       0.0292495747
220 217       0.0212386896
220 245       0.0263811286
220 216       0.0331318576
220 241       0.0299397413
220 442       0.0293038593
220 249       0.0314266419
220 236       0.0342580716
220 221       0.0119402874
220 483       0.0170482279
220 227      0.00985360982
220 218       0.0190843419
220 225       0.0192248665
220 493       0.0169674842
220 226       0.0292117665
220 478       0.0252131811
220 224        0.029097125
220 228      0.00827608263
220 240       0.0172941915
220 219       0.0174204707
220 492       0.0273584936
220 235       0.0232452396
220 242       0.0341065503
221 492        0.038781533
221 442       0.0381644453
221 246       0.0374584034
221 478       0.0366544425
221 214       0.0357485449
221 483       0.0289768288
221 213       0.0365156835
221 226       0.0339443466
221 493       0.0283673578
221 232        0.028142698
221 245       0.0288156517
221 224       0.0177460882
221 215       0.0265052494
221 223       0.0346940902
221 239        0.036058217
221 242        0.028212416
221 241       0.0230024038
221 217        0.011152051
221 220       0.0119402874
221 225       0.0272416679
221 216       0.0259870272
221 235       0.0136844641
221 240       0.0139061929
221 218       0.0166578636
221 219       0.0206009482
221 228       0.0163536091
221 249       0.0294973921
221 236       0.0240357057
221 227       0.0152605839
221 231        0.033615114
222 237       0.0469459147
222 218       0.0469410098
222 236        0.046822806
222 215       0.0407765965
222 26       0.0443842337
222 209       0.0415672548
222 54       0.0451593306
222 224       0.0328535874
222 233       0.0333330515
222 35       0.0425928642
222 217       0.0398757693
222 28       0.0316554861
222 208       0.0396689242
222 33       0.0377976688
222 234       0.0446407514
222 231       0.0229682666
222 37       0.0144587014
222 213       0.0330098917
222 216       0.0321660798
222 38        0.025958156
222 255       0.0352497409
222 27        0.033543337
222 36       0.0243094728
222 211       0.0160033037
222 229       0.0171704217
222 210       0.0299814114
222 223       0.0162929339
222 256       0.0363394916
222 53       0.0254097735
222 232       0.0367527347
223 27       0.0444534649
223 53       0.0400138863
223 256       0.0425770613
223 235       0.0362373722
223 219       0.0394057779
223 227       0.0412298293
223 38       0.0422510775
223 221       0.0346940902
223 37       0.0266538532
223 28       0.0354638403
223 208       0.0380706796
223 210       0.0239786078
223 212       0.0365135469
223 36       0.0381835558
223 214       0.0418073328
223 224       0.0177337784
223 217       0.0238341686
223 229       0.0241381284
223 216       0.0168483831
223 232       0.0278831298
223 222       0.0162929339
223 233       0.0308224674
223 215       0.0259536218
223 211       0.0139311649
223 213       0.0215156336
223 231       0.0163653578
223 218       0.0308291395
223 209       0.0347294318
223 236       0.0360607466
223 237       0.0417544615
224 209       0.0433957728
224 249       0.0404162024
224 226       0.0408599761
224 220        0.029097125
224 210       0.0355126401
224 214       0.0384634054
224 242       0.0343208147
224 221       0.0177460882
224 227       0.0280942004
224 222       0.0328535874
224 240       0.0274379581
224 212       0.0373713458
224 211        0.030366921
224 228       0.0340577509
224 239       0.0338209614
224 217      0.00864614518
224 232       0.0182831949
224 216       0.0168040734
224 219       0.0292308319
224 233       0.0285604234
224 218       0.0209005591
224 235       0.0190263065
224 215       0.0233878954
224 237       0.0337210317
224 231       0.0171962661
224 236       0.0219350244
224 241       0.0288504273
224 223       0.0177337784
224 213       0.0276876273
224 229       0.0333383621
225 534       0.0391910189
225 218       0.0383091753
225 503       0.0372128302
225 217       0.0383045063
225 541       0.0380745167
225 482       0.0350805507
225 246       0.0362041257
225 543       0.0360217885
225 492       0.0306421255
225 219       0.0356297812
225 484       0.0308155513
225 235       0.0310047394
225 227       0.0282832517
225 506       0.0264557351
225 242       0.0325410427
225 540       0.0308656228
225 221       0.0272416679
225 502        0.017745621
225 483       0.0191099362
225 220       0.0192248665
225 501       0.0264219322
225 245       0.0139388123
225 240       0.0202229844
225 624       0.0257501166
225 228       0.0113422037
225 493       0.0239196917
225 249        0.024206354
225 533       0.0258855376
225 478       0.0161395659
225 241        0.031282679
226 210       0.0404243374
226 221       0.0339443466
226 426        0.038718574
226 217       0.0332108015
226 213       0.0312710271
226 460       0.0383561969
226 228       0.0366409292
226 437       0.0183513044
226 466       0.0283164594
226 434       0.0286549943
226 218       0.0201041275
226 216       0.0306607957
226 209       0.0363229442
226 441       0.0330505058
226 436       0.0301727693
226 442       0.0139744113
226 219       0.0133463953
226 215       0.0216758369
226 439       0.0230464734
226 493       0.0237849257
226 227       0.0198324797
226 212       0.0188504731
226 220       0.0292117665
226 482        0.023177337
226 214      0.00915347119
226 476       0.0350889497
226 492        0.026955353
226 440       0.0273254018
226 443       0.0162518122
226 483       0.0294138456
227 223       0.0412298293
227 466       0.0375050059
227 249        0.040733858
227 213       0.0342513914
227 443       0.0348882875
227 437       0.0371029914
227 236       0.0392883488
227 216       0.0269157438
227 482       0.0259987637
227 212       0.0305164883
227 225       0.0282832517
227 478       0.0302867108
227 224       0.0280942004
227 492        0.025953926
227 241       0.0373475444
227 220      0.00985360982
227 442       0.0229829802
227 217       0.0194502482
227 215       0.0221068391
227 240       0.0257395811
227 214       0.0241163537
227 226       0.0198324797
227 235       0.0288417146
227 228       0.0179773408
227 493       0.0163021557
227 218       0.0114437768
227 483       0.0194430677
227 221       0.0152605839
227 219      0.00757298422
227 245       0.0362284666
228 215       0.0384160887
228 442       0.0345003817
228 506       0.0375246201
228 242       0.0301765572
228 482       0.0322368644
228 484       0.0362818242
228 533        0.036988917
228 241       0.0270683369
228 502       0.0289736691
228 218       0.0271972885
228 235       0.0232545842
228 624       0.0330148404
228 501       0.0358706098
228 226       0.0366409292
228 246        0.036648556
228 227       0.0179773408
228 221       0.0163536091
228 219       0.0255389479
228 217       0.0272061262
228 220      0.00827608263
228 225       0.0113422037
228 493        0.019636221
228 245       0.0186437708
228 240       0.0140506152
228 492       0.0290865109
228 224       0.0340577509
228 249       0.0252960428
228 483       0.0171572529
228 478       0.0213232918
228 236       0.0339739206
229 27       0.0486543515
229 251        0.045421987
229 213       0.0453296368
229 46       0.0426608683
229 35       0.0438696969
