0 304 CENTRAL FID_1
26 36       0.0259496964
26 417       0.0223102912
26 28       0.0186581311
26 27       0.0134990588
27 28       0.0185707064
27 33       0.0159677569
27 36       0.0125192277
27 26       0.0134990588
28 210       0.0193968831
28 26       0.0186581311
28 208       0.0131890099
28 27       0.0185707064
33 38       0.0211796063
33 27       0.0159677569
33 36       0.0141257552
33 39        0.013870726
34 38       0.0291060308
34 39       0.0235869277
34 35       0.0122344447
34 46       0.0232303501
35 46       0.0217247895
35 38       0.0168900237
35 39       0.0199190233
35 34       0.0122344447
36 38       0.0174655937
36 33       0.0141257552
36 37       0.0116966113
36 27       0.0125192277
37 27       0.0191058308
37 211       0.0172898814
37 36       0.0116966113
37 222       0.0144587014
38 33       0.0211796063
38 36       0.0174655937
38 53       0.0148769087
38 35       0.0168900237
39 38       0.0248989484
39 34       0.0235869277
39 35       0.0199190233
39 33        0.013870726
46 34       0.0232303501
46 35       0.0217247895
46 47       0.0213453624
46 54       0.0110026256
47 34       0.0300688127
47 54       0.0290345284
47 55       0.0208786069
47 46       0.0213453624
53 229       0.0207230882
53 54       0.0205351338
53 38       0.0148769087
53 255       0.0159867997
54 257       0.0208003117
54 53       0.0205351338
54 46       0.0110026256
54 255       0.0142654211
55 253       0.0290773561
55 252       0.0245246299
55 250       0.0169523491
55 47       0.0208786069
178 472       0.0144313578
178 463       0.0106085312
178 179      0.00924942798
178 490      0.00763717816
179 463       0.0190153747
179 490       0.0168406179
179 178      0.00924942798
179 185       0.0109323435
180 490       0.0124517664
180 496       0.0115752269
180 500      0.00865447542
180 485       0.0103166409
185 192       0.0196389278
185 178       0.0192913671
185 179       0.0109323435
185 507       0.0170941127
190 507       0.0243685093
190 194       0.0243653192
190 192       0.0139939518
190 185       0.0218501743
192 512       0.0198639216
192 185       0.0196389278
192 507       0.0120275323
192 190       0.0139939518
193 192       0.0250306138
193 194       0.0235284997
193 510       0.0226503991
193 195       0.0201182935
194 192       0.0312304444
194 190       0.0243653192
194 207       0.0175688672
194 193       0.0235284997
195 207       0.0220562677
195 193       0.0201182935
195 201       0.0161209701
195 570       0.0151424548
200 207       0.0318762286
200 202       0.0298309057
200 201       0.0234202209
200 203        0.026438609
201 200       0.0234202209
201 202       0.0199263017
201 195       0.0161209701
201 207       0.0160510104
202 576       0.0227032069
202 201       0.0199263017
202 203       0.0187435402
202 570       0.0189031167
203 200        0.026438609
203 320       0.0231615576
203 202       0.0187435402
203 319        0.020785281
207 193       0.0264969572
207 195       0.0220562677
207 201       0.0160510104
207 194       0.0175688672
208 210       0.0152014061
208 419       0.0146928211
208 209       0.0128350275
208 28       0.0131890099
209 436       0.0155924129
209 435       0.0140842797
209 208       0.0128350275
209 210       0.0116263058
210 208       0.0152014061
210 211        0.013995004
210 213       0.0107844061
210 209       0.0116263058
211 37       0.0172898814
211 222       0.0160033037
211 223       0.0139311649
211 210        0.013995004
212 213       0.0158302831
212 437       0.0152907354
212 214      0.00971517092
212 215       0.0140977199
213 209       0.0157220971
213 215       0.0121975594
213 210       0.0107844061
213 216       0.0112278063
214 215       0.0161638431
214 437       0.0136697999
214 226      0.00915347119
214 212      0.00971517092
215 212       0.0140977199
215 213       0.0121975594
215 218       0.0112281482
215 216       0.0091841006
216 217       0.0156599501
216 218       0.0155722472
216 215       0.0091841006
216 213       0.0112278063
217 216       0.0156599501
217 218       0.0131210701
217 221        0.011152051
217 224      0.00864614518
218 217       0.0131210701
218 227       0.0114437768
218 219      0.00874237781
218 215       0.0112281482
219 214       0.0165644614
219 226       0.0133463953
219 227      0.00757298422
219 218      0.00874237781
220 493       0.0169674842
220 221       0.0119402874
220 228      0.00827608263
220 227      0.00985360982
221 240       0.0139061929
221 235       0.0136844641
221 217        0.011152051
221 220       0.0119402874
222 229       0.0171704217
222 223       0.0162929339
222 37       0.0144587014
222 211       0.0160033037
223 216       0.0168483831
223 231       0.0163653578
223 211       0.0139311649
223 222       0.0162929339
224 223       0.0177337784
224 231       0.0171962661
224 217      0.00864614518
224 216       0.0168040734
225 502        0.017745621
225 478       0.0161395659
225 228       0.0113422037
225 245       0.0139388123
226 443       0.0162518122
226 442       0.0139744113
226 214      0.00915347119
226 219       0.0133463953
227 221       0.0152605839
227 218       0.0114437768
227 219      0.00757298422
227 220      0.00985360982
228 221       0.0163536091
228 240       0.0140506152
228 220      0.00827608263
228 225       0.0113422037
229 256       0.0195442776
229 222       0.0171704217
229 233       0.0192870121
229 231       0.0168217256
230 530       0.0172397136
230 519      0.00925867053
230 244       0.0118809786
230 246      0.00863795813
231 229       0.0168217256
231 223       0.0163653578
231 232       0.0137845766
231 233       0.0146082486
232 237       0.0154813053
232 233       0.0134008976
232 231       0.0137845766
232 236       0.0106731508
233 234       0.0155322248
233 231       0.0146082486
233 237       0.0140794332
233 232       0.0134008976
234 237       0.0169017243
234 233       0.0155322248
234 238       0.0126423147
234 256        0.015262079
235 221       0.0136844641
235 236       0.0110306579
235 240       0.0108878035
235 241       0.0105393948
236 239       0.0125830992
236 241       0.0114313944
236 232       0.0106731508
236 235       0.0110306579
237 232       0.0154813053
237 238       0.0145968682
237 239       0.0103509763
237 233       0.0140794332
238 243       0.0157374136
238 237       0.0145968682
238 251       0.0099250106
238 234       0.0126423147
239 244       0.0133222281
239 243       0.0133144163
239 237       0.0103509763
239 236       0.0125830992
240 228       0.0140506152
240 221       0.0139061929
240 235       0.0108878035
240 241       0.0130910715
241 240       0.0130910715
241 236       0.0114313944
241 242      0.00560665644
241 235       0.0105393948
242 236       0.0152357528
242 249       0.0108493743
242 241      0.00560665644
242 246       0.0098470401
243 237       0.0163068591
243 239       0.0133144163
243 238       0.0157374136
243 244      0.00954096257
244 246       0.0138676005
244 239       0.0133222281
244 230       0.0118809786
244 243      0.00954096257
245 240        0.016087064
245 624       0.0146096938
245 249       0.0109949972
245 225       0.0139388123
246 244       0.0138676005
246 249       0.0120109212
246 230      0.00863795813
246 242       0.0098470401
247 244       0.0172745062
247 519       0.0155376661
247 518       0.0139236096
247 248       0.0136678315
248 520       0.0162390624
248 518       0.0156037682
248 247       0.0136678315
248 267       0.0142430154
249 241       0.0134696037
249 246       0.0120109212
249 245       0.0109949972
249 242       0.0108493743
250 257       0.0211820543
250 259       0.0200539855
250 55       0.0169523491
250 258       0.0186745475
251 234        0.017589533
251 264       0.0129395534
251 263       0.0143124547
251 238       0.0099250106
252 55       0.0245246299
252 265       0.0245146492
252 253      0.00899786909
252 259       0.0181819386
253 265       0.0232009526
253 266       0.0204379386
253 259       0.0107716588
253 252      0.00899786909
254 276       0.0176177388
254 266       0.0154235593
254 262       0.0150499951
254 274        0.014937543
255 53       0.0159867997
255 257       0.0152273576
255 256       0.0131495993
255 54       0.0142654211
256 229       0.0195442776
256 234        0.015262079
256 257       0.0143191984
256 255       0.0131495993
257 54       0.0208003117
257 256       0.0143191984
257 255       0.0152273576
257 260       0.0140345309
258 260       0.0184190157
258 262       0.0149239145
258 259       0.0136628969
258 261       0.0139552043
259 252       0.0181819386
259 262        0.016673399
259 253       0.0107716588
259 258       0.0136628969
260 251       0.0191322036
260 258       0.0184190157
260 261       0.0164389374
260 257       0.0140345309
261 260       0.0164389374
261 262       0.0162217036
261 263       0.0112477095
261 258       0.0139552043
262 259        0.016673399
262 261       0.0162217036
262 258       0.0149239145
262 254       0.0150499951
263 267       0.0178394035
263 251       0.0143124547
263 261       0.0112477095
263 264       0.0142963077
264 238       0.0184650605
264 263       0.0142963077
264 251       0.0129395534
264 267      0.00838213344
265 252       0.0245146492
265 253       0.0232009526
265 268       0.0163380455
265 266       0.0231651668
266 259       0.0205227026
266 253       0.0204379386
266 262       0.0170492358
266 254       0.0154235593
267 263       0.0178394035
267 516       0.0171078332
267 264      0.00838213344
267 248       0.0142430154
268 277       0.0224483552
268 266       0.0210464543
268 275       0.0113640827
268 265       0.0163380455
272 274       0.0246161092
272 592       0.0204038958
272 517       0.0185465133
272 276       0.0193037433
273 593       0.0261851607
273 277        0.025081502
273 587       0.0111255088
273 279       0.0198239789
274 263       0.0230752037
274 517       0.0222431327
274 262       0.0219334613
274 254        0.014937543
275 276       0.0254878783
275 279       0.0231507551
275 268       0.0113640827
275 277       0.0123559748
276 277       0.0227785841
276 279       0.0201748065
276 254       0.0176177388
276 272       0.0193037433
277 276       0.0227785841
277 275       0.0123559748
277 268       0.0224483552
277 279       0.0116119973
279 587        0.022578816
279 276       0.0201748065
279 273       0.0198239789
279 277       0.0116119973
307 314       0.0194174396
307 318       0.0193020152
307 311         0.01219227
307 320       0.0192038145
310 583       0.0184307336
310 321       0.0157629326
310 312       0.0139517936
310 586      0.00894552317
311 584       0.0214959586
311 578       0.0175460764
311 307         0.01219227
311 318       0.0125913669
312 315       0.0205702214
312 586        0.015724162
312 310       0.0139517936
312 313       0.0116240754
313 310       0.0255225716
313 330       0.0244091926
313 315       0.0093863705
313 312       0.0116240754
314 321       0.0263179001
314 311        0.026303427
314 322       0.0157939653
314 307       0.0194174396
315 310       0.0341140182
315 330       0.0271974125
315 313       0.0093863705
315 312       0.0205702214
318 577       0.0172072769
318 571       0.0144318022
318 311       0.0125913669
318 578       0.0102432843
319 203        0.020785281
319 318       0.0187329782
319 571        0.014196449
319 320       0.0177935432
320 318       0.0283703039
320 307       0.0192038145
320 203       0.0231615576
320 319       0.0177935432
321 584       0.0228222176
321 312       0.0214285943
321 310       0.0157629326
321 322       0.0118366697
322 307       0.0268674967
322 311       0.0264853307
322 321       0.0118366697
322 314       0.0157939653
327 560        0.018347794
327 333       0.0177474581
327 332       0.0171250055
327 335       0.0118301075
328 567        0.018953418
328 329       0.0186503487
328 334       0.0145503049
328 333       0.0170917829
329 334       0.0217931089
329 330       0.0200002534
329 337        0.011816187
329 328       0.0186503487
330 337       0.0229112685
330 329       0.0200002534
330 343       0.0147273206
330 340       0.0199140184
332 327       0.0171250055
332 346       0.0153513085
332 335      0.00846398764
332 342       0.0116368419
333 327       0.0177474581
333 328       0.0170917829
333 560       0.0126356479
333 334      0.00880055173
334 338       0.0177460669
334 328       0.0145503049
334 337       0.0134781966
334 333      0.00880055173
335 336        0.015151567
335 346       0.0143513098
335 332      0.00846398764
335 327       0.0118301075
336 338       0.0183442421
336 335        0.015151567
336 346      0.00971743272
336 339       0.0103065704
337 340       0.0176456882
337 338       0.0156491975
337 329        0.011816187
337 334       0.0134781966
338 334       0.0177460669
338 339       0.0160463767
338 340       0.0138464949
338 337       0.0156491975
339 340        0.017036195
339 338       0.0160463767
339 341       0.0156822654
339 336       0.0103065704
340 337       0.0176456882
340 343       0.0171137778
340 338       0.0138464949
340 339        0.017036195
341 361       0.0252169348
341 343       0.0188296644
341 340       0.0176504104
341 339       0.0156822654
342 597       0.0140750495
342 346        0.012310814
342 332       0.0116368419
342 604      0.00981017391
343 339       0.0294688097
343 341       0.0188296644
343 330       0.0147273206
343 340       0.0171137778
346 332       0.0153513085
346 335       0.0143513098
346 342        0.012310814
346 336      0.00971743272
347 346       0.0239303808
347 604       0.0204495317
347 342       0.0231862816
347 361       0.0197541398
361 339       0.0199580232
361 347       0.0197541398
361 336       0.0192455714
361 346       0.0186607099
407 431       0.0250704285
407 432       0.0148329834
407 421         0.01177531
407 433       0.0138278223
416 430       0.0181686496
416 419       0.0162767631
416 418      0.00992037749
416 422       0.0139156499
417 26       0.0223102912
417 208       0.0216675851
417 416       0.0199705679
417 419      0.00966687873
418 419       0.0149728617
418 430       0.0127722624
418 416      0.00992037749
418 435       0.0102212678
419 416       0.0162767631
419 418       0.0149728617
419 208       0.0146928211
419 417      0.00966687873
421 431        0.021135312
421 433       0.0190729563
421 423       0.0183313757
421 407         0.01177531
422 418        0.018871539
422 430       0.0166513682
422 416       0.0139156499
422 423      0.00744343899
423 421       0.0183313757
423 430       0.0132707598
423 422      0.00744343899
423 431       0.0121542173
425 456        0.016657707
425 445       0.0140317303
425 444      0.00772166392
425 429       0.0103139496
426 438       0.0171852181
426 434       0.0164653954
426 433       0.0120197961
426 439       0.0163519347
429 456       0.0216548731
429 444       0.0164339159
429 432       0.0164245756
429 425       0.0103139496
430 435       0.0162957473
430 423       0.0132707598
430 431       0.0105735531
430 418       0.0127722624
431 426        0.017244087
431 433       0.0167266862
431 430       0.0105735531
431 423       0.0121542173
432 429       0.0164245756
432 438       0.0155959645
432 433       0.0147785931
432 407       0.0148329834
433 431       0.0167266862
433 432       0.0147785931
433 407       0.0138278223
433 426       0.0120197961
434 426       0.0164653954
434 439       0.0150446136
434 437       0.0105993742
434 436       0.0140773235
435 430       0.0162957473
435 209       0.0140842797
435 418       0.0102212678
435 436       0.0112275988
436 209       0.0155924129
436 434       0.0140773235
436 437       0.0146811163
436 435       0.0112275988
437 436       0.0146811163
437 439       0.0141054605
437 214       0.0136697999
437 434       0.0105993742
438 447       0.0179249362
438 426       0.0171852181
438 446       0.0117314219
438 432       0.0155959645
439 434       0.0150446136
439 437       0.0141054605
439 440       0.0119540553
439 443      0.00940659194
440 460       0.0152272417
440 439       0.0119540553
440 441      0.00716423831
440 443       0.0113168913
441 446       0.0149759007
441 465       0.0127153658
441 440      0.00716423831
441 460      0.00837476875
442 466       0.0155149065
442 492       0.0143907113
442 482      0.00970501638
442 226       0.0139744113
443 437       0.0166365811
443 226       0.0162518122
443 440       0.0113168913
443 439      0.00940659194
444 457       0.0144619926
444 456       0.0103346433
444 445      0.00634081926
444 425      0.00772166392
445 458       0.0112056544
445 457        0.010283853
445 444      0.00634081926
445 456      0.00831268689
446 464       0.0162147675
446 438       0.0117314219
446 441       0.0149759007
446 447      0.00812167758
447 464       0.0133062421
447 456      0.00923001617
447 448      0.00915854983
447 446      0.00812167758
448 473      0.00930636886
448 447      0.00915854983
448 458      0.00753634003
448 456      0.00841168782
451 461        0.010441836
451 457       0.0100563194
451 458       0.0100157408
451 459      0.00847596423
454 472       0.0164622997
454 462       0.0148019331
454 459      0.00897013274
454 470       0.0123996982
456 444       0.0103346433
456 447      0.00923001617
456 448      0.00841168782
456 445      0.00831268689
457 444       0.0144619926
457 458        0.013082132
457 451       0.0100563194
457 445        0.010283853
458 445       0.0112056544
458 473        0.010903635
458 448      0.00753634003
458 451       0.0100157408
459 461       0.0133154058
459 462       0.0124390883
459 454      0.00897013274
459 451      0.00847596423
460 474       0.0124663487
460 464       0.0122148166
460 465       0.0044636575
460 441      0.00837476875
461 469       0.0119325272
461 451        0.010441836
461 462      0.00936789884
461 468       0.0103160167
462 469       0.0121999389
462 471      0.00927018849
462 461      0.00936789884
462 470      0.00861956974
463 178       0.0106085312
463 470      0.00944962469
463 472      0.00631648459
463 490      0.00711339129
464 475        0.011877181
464 465       0.0108962639
464 474       0.0066453249
464 473      0.00925838457
465 467       0.0116918113
465 464       0.0108962639
465 460       0.0044636575
465 474      0.00895518675
466 442       0.0155149065
466 482       0.0129899929
466 467       0.0134535144
466 476      0.00715356242
467 466       0.0134535144
467 465       0.0116918113
467 476      0.00798022713
467 480      0.00916016843
468 458        0.011967464
468 477      0.00999179947
468 461       0.0103160167
468 473      0.00552303672
469 494       0.0112209879
469 491      0.00926866803
469 471      0.00737989724
469 477      0.00805359571
470 454       0.0123996982
470 463      0.00944962469
470 472      0.00646810648
470 462      0.00861956974
471 494        0.012109931
471 485       0.0116043997
471 469      0.00737989724
471 462      0.00927018849
472 178       0.0144313578
472 490       0.0132391696
472 463      0.00631648459
472 470      0.00646810648
473 458        0.010903635
473 464      0.00925838457
473 448      0.00930636886
473 468      0.00552303672
474 473       0.0123534491
474 465      0.00895518675
474 475      0.00700238284
474 464       0.0066453249
475 468       0.0120863985
475 464        0.011877181
475 477       0.0106941093
475 474      0.00700238284
476 465       0.0160413783
476 480       0.0116762496
476 467      0.00798022713
476 466      0.00715356242
477 479       0.0112187828
477 475       0.0106941093
477 469      0.00805359571
477 468      0.00999179947
478 493       0.0171652009
478 225       0.0161395659
478 484       0.0151433592
478 483       0.0117332751
479 494       0.0116322514
479 477       0.0112187828
479 495       0.0113546971
479 491      0.00756603842
480 486        0.015882281
480 481       0.0132228892
480 476       0.0116762496
480 467      0.00916016843
481 479       0.0127485799
481 486       0.0115571155
481 495       0.0108155578
481 497      0.00850768839
482 466       0.0129899929
482 493       0.0126501637
482 442      0.00970501638
482 492      0.00532069462
483 482       0.0160568666
483 492       0.0121162325
483 478       0.0117332751
483 493      0.00568340315
484 515       0.0184531942
484 478       0.0151433592
484 501       0.0155031332
484 489       0.0099454186
485 496       0.0104479196
485 180       0.0103166409
485 490      0.00964540627
485 494      0.00781087974
486 489       0.0116165321
486 481       0.0115571155
486 487       0.0104804169
486 497      0.00885794808
487 504       0.0164413381
487 489       0.0155629991
487 486       0.0104804169
487 497      0.00987820181
488 500       0.0136665991
488 496       0.0124215074
488 498      0.00725342078
488 495       0.0116373515
489 487       0.0155629991
489 486       0.0116165321
489 515       0.0136070608
489 484       0.0099454186
490 180       0.0124517664
490 485      0.00964540627
490 463      0.00711339129
490 178      0.00763717816
491 477       0.0115808619
491 469      0.00926866803
491 494       0.0045843392
491 479      0.00756603842
492 442       0.0143907113
492 483       0.0121162325
492 482      0.00532069462
492 493       0.0104265908
493 442        0.016112519
493 482       0.0126501637
493 483      0.00568340315
493 492       0.0104265908
494 469       0.0112209879
494 496      0.00954223486
494 491       0.0045843392
494 485      0.00781087974
495 479       0.0113546971
495 497       0.0111111369
495 481       0.0108155578
495 496       0.0107345663
496 495       0.0107345663
496 500       0.0106204841
496 494      0.00954223486
496 485       0.0104479196
497 495       0.0111111369
497 487      0.00987820181
497 486      0.00885794808
497 481      0.00850768839
498 508       0.0144717116
498 500       0.0141314405
498 488      0.00725342078
498 513       0.0109129044
499 510       0.0193355214
499 514       0.0179651739
499 568       0.0124757474
499 509       0.0116901889
500 488       0.0136665991
500 180      0.00865447542
500 496       0.0106204841
500 512       0.0082342172
501 515       0.0141629809
501 502       0.0140217481
501 503        0.013380769
501 506       0.0113685811
502 225        0.017745621
502 501       0.0140217481
502 506      0.00888494763
502 533       0.0122124812
503 515       0.0130673194
503 506       0.0121515151
503 534       0.0124410827
503 505       0.0103124069
504 509       0.0144587709
504 511       0.0142609531
504 514      0.00771597722
504 515       0.0115797081
505 534       0.0154231247
505 544       0.0121143832
505 511      0.00917080314
505 503       0.0103124069
506 533       0.0131894018
506 503       0.0121515151
506 502      0.00888494763
506 501       0.0113685811
507 500       0.0167870493
507 180       0.0164772891
507 192       0.0120275323
507 512       0.0109759485
508 500         0.01583497
508 498       0.0144717116
508 510       0.0112966926
508 512      0.00992294959
509 504       0.0144587709
509 513       0.0123704728
509 499       0.0116901889
509 514      0.00681219505
510 509       0.0192993589
510 498       0.0184840959
510 508       0.0112966926
510 513       0.0160365169
511 514       0.0141262166
511 544       0.0128661998
511 505      0.00917080314
511 545       0.0127033808
512 180       0.0135757108
512 507       0.0109759485
512 508      0.00992294959
512 500       0.0082342172
513 510       0.0160365169
513 514       0.0130839298
513 498       0.0109129044
513 509       0.0123704728
514 511       0.0141262166
514 513       0.0130839298
514 509      0.00681219505
514 504      0.00771597722
515 501       0.0141629809
515 489       0.0136070608
515 504       0.0115797081
515 503       0.0130673194
516 267       0.0171078332
516 248       0.0165332227
516 517       0.0156395364
516 520       0.0144798407
517 274       0.0222431327
517 272       0.0185465133
517 516       0.0156395364
517 526       0.0157468429
518 521        0.014201763
518 247       0.0139236096
518 524      0.00843900122
518 530       0.0134586953
519 518       0.0152282408
519 531       0.0144435811
519 530      0.00894608206
519 230      0.00925867053
520 248       0.0162390624
520 527       0.0156777573
520 525         0.01035823
520 516       0.0144798407
521 532       0.0138282869
521 522       0.0119776268
521 530      0.00970329891
521 523       0.0078541898
522 523       0.0134769518
522 521       0.0119776268
522 524      0.00934683061
522 528      0.00946545187
523 522       0.0134769518
523 562       0.0114866448
523 521       0.0078541898
523 552       0.0111742568
524 525       0.0153225806
524 521       0.0146900262
524 522      0.00934683061
524 518      0.00843900122
525 524       0.0153225806
525 528       0.0129959939
525 520         0.01035823
525 527       0.0124493525
526 588       0.0188388113
526 520       0.0166838435
526 527       0.0102145367
526 517       0.0157468429
527 529       0.0167901873
527 520       0.0156777573
527 526       0.0102145367
527 525       0.0124493525
528 562       0.0143006765
528 525       0.0129959939
528 522      0.00946545187
528 529       0.0117834833
529 527       0.0167901873
529 525       0.0155745156
529 553       0.0104894516
529 528       0.0117834833
530 532       0.0133174384
530 531       0.0100775038
530 519      0.00894608206
530 521      0.00970329891
531 519       0.0144435811
531 549       0.0119404064
531 532      0.00730458167
531 530       0.0100775038
532 523       0.0136557908
532 530       0.0133174384
532 531      0.00730458167
532 549      0.00676186313
533 540       0.0136242702
533 506       0.0131894018
533 543        0.011208512
533 502       0.0122124812
534 506       0.0135370747
534 503       0.0124410827
534 536       0.0103099517
534 543      0.00847311743
535 542         0.01316208
535 537       0.0123856167
535 541      0.00986532771
535 543      0.00835698787
536 538       0.0150128047
536 546       0.0124166968
536 544       0.0101249224
536 534       0.0103099517
537 535       0.0123856167
537 548       0.0121247272
537 538      0.00820416281
537 542       0.0120752448
538 535       0.0147551165
538 550       0.0138975754
538 546      0.00934691581
538 537      0.00820416281
539 544       0.0140199793
539 573       0.0122086003
539 546      0.00810780165
539 547       0.0091813769
540 533       0.0136242702
540 541        0.010754974
540 624       0.0107281429
540 561      0.00911764182
541 540        0.010754974
541 561       0.0102271706
541 535      0.00986532771
541 542       0.0100679071
542 537       0.0120752448
542 551       0.0107922695
542 541       0.0100679071
542 548      0.00758476147
543 541       0.0139934402
543 533        0.011208512
543 534      0.00847311743
543 535      0.00835698787
544 511       0.0128661998
544 505       0.0121143832
544 545       0.0100291486
544 536       0.0101249224
545 539       0.0157740985
545 547       0.0102062095
545 511       0.0127033808
545 544       0.0100291486
546 573       0.0136292695
546 538      0.00934691581
546 536       0.0124166968
546 539      0.00810780165
547 544           0.014866
547 539       0.0091813769
547 545       0.0102062095
547 572      0.00745250284
548 537       0.0121247272
548 551       0.0114518072
548 542      0.00758476147
548 565      0.00770865189
549 561       0.0124435137
549 531       0.0119404064
549 532      0.00676186313
549 551        0.010835563
550 565       0.0149258347
550 538       0.0138975754
550 537       0.0134468268
550 566       0.0127352826
551 548       0.0114518072
551 561       0.0109002474
551 549        0.010835563
551 542       0.0107922695
552 549        0.014160912
552 523       0.0111742568
552 563      0.00957609444
552 554       0.0108880146
553 564       0.0174085401
553 528        0.016310179
553 529       0.0104894516
553 560      0.00969388552
554 556       0.0129142686
554 552       0.0108880146
554 555      0.00963265862
554 563       0.0107699212
555 566       0.0112389484
555 559       0.0112092742
555 554      0.00963265862
555 565      0.00956929099
556 555       0.0121041426
556 557       0.0115674967
556 563      0.00967620217
556 559       0.0095462105
557 567       0.0152588922
557 563       0.0147532874
557 556       0.0115674967
557 564       0.0111811388
558 581       0.0150035518
558 579       0.0132328192
558 566      0.00775907822
558 580      0.00532878984
559 558       0.0157004229
559 555       0.0112092742
559 567      0.00758638002
559 556       0.0095462105
560 557       0.0177294549
560 564       0.0165569126
560 333       0.0126356479
560 553      0.00969388552
561 549       0.0124435137
561 541       0.0102271706
561 551       0.0109002474
561 540      0.00911764182
562 528       0.0143006765
562 522       0.0135045365
562 564      0.00932274467
562 523       0.0114866448
563 564       0.0123731394
563 554       0.0107699212
563 552      0.00957609444
563 556      0.00967620217
564 560       0.0165569126
564 563       0.0123731394
564 562      0.00932274467
564 557       0.0111811388
565 550       0.0149258347
565 555      0.00956929099
565 548      0.00770865189
565 566      0.00859688778
566 550       0.0127352826
566 555       0.0112389484
566 565      0.00859688778
566 558      0.00775907822
567 555       0.0187145679
567 557       0.0152588922
567 559      0.00758638002
567 556       0.0130242573
568 545       0.0222720773
568 574       0.0180996941
568 499       0.0124757474
568 570       0.0157384124
569 577       0.0157430271
569 550       0.0151337054
569 579       0.0134802007
569 573      0.00812539448
570 202       0.0189031167
570 574       0.0177701563
570 195       0.0151424548
570 568       0.0157384124
571 578       0.0181469596
571 318       0.0144318022
571 576       0.0123939235
571 319        0.014196449
572 539       0.0144031704
572 575       0.0132935994
572 547      0.00745250284
572 574       0.0117068486
573 575       0.0140925081
573 546       0.0136292695
573 569      0.00812539448
573 539       0.0122086003
574 568       0.0180996941
574 570       0.0177701563
574 572       0.0117068486
574 576       0.0130063169
575 569       0.0171578808
575 577       0.0146482367
575 572       0.0132935994
575 573       0.0140925081
576 572       0.0209233512
576 575       0.0186052805
576 571       0.0123939235
576 574       0.0130063169
577 582       0.0158319714
577 575       0.0146482367
577 569       0.0157430271
577 578      0.00817745941
578 311       0.0175460764
578 582       0.0170514907
578 577      0.00817745941
578 318       0.0102432843
579 569       0.0134802007
579 558       0.0132328192
579 582       0.0100897252
579 580       0.0122193098
580 566        0.013031713
580 579       0.0122193098
580 558      0.00532878984
580 581       0.0098330408
581 583       0.0155113886
581 558       0.0150035518
581 580       0.0098330408
581 585      0.00872951031
582 577       0.0158319714
582 585       0.0148816298
582 579       0.0100897252
582 584       0.0129603262
583 310       0.0184307336
583 585       0.0163057039
583 586       0.0105429766
583 581       0.0155113886
584 310       0.0205671792
584 578       0.0199493171
584 582       0.0129603262
584 585       0.0134712645
585 580       0.0159204272
585 582       0.0148816298
585 581      0.00872951031
585 584       0.0134712645
586 585        0.019444661
586 312        0.015724162
586 583       0.0105429766
586 310      0.00894552317
587 594       0.0263688987
587 279        0.022578816
587 273       0.0111255088
587 593       0.0152927198
588 526       0.0188388113
588 596       0.0184067936
588 592       0.0137463874
588 595        0.013826704
591 529       0.0207721314
591 527       0.0195321492
591 332       0.0176938553
591 595       0.0179848614
592 596       0.0203390621
592 594       0.0194533284
592 588       0.0137463874
592 593       0.0184301242
593 598       0.0199912859
593 587       0.0152927198
593 592       0.0184301242
593 594       0.0122993021
594 600       0.0164422005
594 593       0.0122993021
594 596       0.0121114629
594 598       0.0114087976
595 600       0.0176836974
595 588        0.013826704
595 596        0.012314468
595 597       0.0132717604
596 597        0.014230118
596 594       0.0121114629
596 595        0.012314468
596 600      0.00984290695
597 342       0.0140750495
597 595       0.0132717604
597 604      0.00572486633
597 600         0.01021517
598 593       0.0199912859
598 596       0.0183053672
598 594       0.0114087976
598 600        0.015681239
600 598        0.015681239
600 604       0.0143208299
600 597         0.01021517
600 596      0.00984290695
604 595       0.0179224842
604 600       0.0143208299
604 597      0.00572486633
604 342      0.00981017391
624 561       0.0173184678
624 249       0.0165444115
624 540       0.0107281429
624 245       0.0146096938
