0 304 final_v02 FID_1
0 3       0.0267670674
0 130       0.0223102912
0 6       0.0259496964
0 2       0.0186581311
0 1       0.0134990588
1 7       0.0191058308
1 3       0.0159677569
1 2       0.0185707064
1 6       0.0125192277
1 0       0.0134990588
2 7       0.0205708807
2 0       0.0186581311
2 31       0.0193968831
2 29       0.0131890099
2 1       0.0185707064
3 7       0.0258162083
3 1       0.0159677569
3 8       0.0211796063
3 9        0.013870726
3 6       0.0141257552
4 11       0.0300688127
4 10       0.0232303501
4 8       0.0291060308
4 5       0.0122344447
4 9       0.0235869277
5 12       0.0236530472
5 8       0.0168900237
5 10       0.0217247895
5 4       0.0122344447
5 9       0.0199190233
6 43       0.0243094728
6 1       0.0125192277
6 8       0.0174655937
6 7       0.0116966113
6 3       0.0141257552
7 2       0.0205708807
7 43       0.0144587014
7 1       0.0191058308
7 6       0.0116966113
7 32       0.0172898814
8 7       0.0224943191
8 5       0.0168900237
8 3       0.0211796063
8 12       0.0148769087
8 6       0.0174655937
9 6       0.0265472336
9 4       0.0235869277
9 8       0.0248989484
9 5       0.0199190233
9 3        0.013870726
10 12       0.0241981977
10 5       0.0217247895
10 4       0.0232303501
10 11       0.0213453624
10 13       0.0110026256
11 71       0.0344602445
11 10       0.0213453624
11 4       0.0300688127
11 14       0.0208786069
11 13       0.0290345284
12 5       0.0236530472
12 76       0.0159867997
12 50       0.0207230882
12 8       0.0148769087
12 13       0.0205351338
13 71       0.0261105157
13 76       0.0142654211
13 78       0.0208003117
13 10       0.0110026256
13 12       0.0205351338
14 13       0.0292030942
14 11       0.0208786069
14 74       0.0290773561
14 71       0.0169523491
14 73       0.0245246299
15 17       0.0152162119
15 167       0.0106085312
15 176       0.0144313578
15 16      0.00924942798
15 194      0.00763717816
16 211       0.0200353251
16 18       0.0109323435
16 167       0.0190153747
16 15      0.00924942798
16 194       0.0168406179
17 216       0.0135757108
17 200       0.0115752269
17 194       0.0124517664
17 204      0.00865447542
17 189       0.0103166409
18 19       0.0218501743
18 15       0.0192913671
18 20       0.0196389278
18 16       0.0109323435
18 211       0.0170941127
19 21       0.0300360612
19 211       0.0243685093
19 22       0.0243653192
19 18       0.0218501743
19 20       0.0139939518
20 212       0.0215538183
20 18       0.0196389278
20 216       0.0198639216
20 211       0.0120275323
20 19       0.0139939518
21 212       0.0263824336
21 214       0.0226503991
21 20       0.0250306138
21 23       0.0201182935
21 22       0.0235284997
22 23       0.0322612995
22 21       0.0235284997
22 20       0.0312304444
22 28       0.0175688672
22 19       0.0243653192
23 26       0.0235051374
23 28       0.0220562677
23 21       0.0201182935
23 274       0.0151424548
23 25       0.0161209701
24 23       0.0393040501
24 28       0.0318762286
24 26       0.0298309057
24 25       0.0234202209
24 27        0.026438609
25 274       0.0256414242
25 23       0.0161209701
25 24       0.0234202209
25 28       0.0160510104
25 26       0.0199263017
26 23       0.0235051374
26 274       0.0189031167
26 280       0.0227032069
26 27       0.0187435402
26 25       0.0199263017
27 25       0.0321777702
27 106       0.0231615576
27 24        0.026438609
27 105        0.020785281
27 26       0.0187435402
28 24       0.0318762286
28 23       0.0220562677
28 21       0.0264969572
28 25       0.0160510104
28 22       0.0175688672
29 144       0.0177046033
29 132       0.0146928211
29 31       0.0152014061
29 2       0.0131890099
29 30       0.0128350275
30 34       0.0157220971
30 29       0.0128350275
30 145       0.0155924129
30 31       0.0116263058
30 144       0.0140842797
31 2       0.0193968831
31 29       0.0152014061
31 32        0.013995004
31 34       0.0107844061
31 30       0.0116263058
32 34        0.018334127
32 43       0.0160033037
32 7       0.0172898814
32 44       0.0139311649
32 31        0.013995004
33 145       0.0159355738
33 36       0.0140977199
33 34       0.0158302831
33 35      0.00971517092
33 146       0.0152907354
34 33       0.0158302831
34 36       0.0121975594
34 30       0.0157220971
34 31       0.0107844061
34 37       0.0112278063
35 40       0.0165644614
35 33      0.00971517092
35 36       0.0161638431
35 47      0.00915347119
35 146       0.0136697999
36 35       0.0161638431
36 34       0.0121975594
36 33       0.0140977199
36 39       0.0112281482
36 37       0.0091841006
37 45       0.0168040734
37 34       0.0112278063
37 38       0.0156599501
37 36       0.0091841006
37 39       0.0155722472
38 56       0.0185566033
38 42        0.011152051
38 37       0.0156599501
38 45      0.00864614518
38 39       0.0131210701
39 37       0.0155722472
39 48       0.0114437768
39 38       0.0131210701
39 36       0.0112281482
39 40      0.00874237781
40 36       0.0167037259
40 39      0.00874237781
40 35       0.0165644614
40 48      0.00757298422
40 47       0.0133463953
41 187       0.0170482279
41 42       0.0119402874
41 197       0.0169674842
41 49      0.00827608263
41 48      0.00985360982
42 48       0.0152605839
42 41       0.0119402874
42 61       0.0139061929
42 38        0.011152051
42 56       0.0136844641
43 52       0.0229682666
43 32       0.0160033037
43 50       0.0171704217
43 7       0.0144587014
43 44       0.0162929339
44 45       0.0177337784
44 43       0.0162929339
44 37       0.0168483831
44 32       0.0139311649
44 52       0.0163653578
45 42       0.0177460882
45 44       0.0177337784
45 52       0.0171962661
45 38      0.00864614518
45 37       0.0168040734
46 187       0.0191099362
46 66       0.0139388123
46 206        0.017745621
46 49       0.0113422037
46 182       0.0161395659
47 146       0.0183513044
47 151       0.0139744113
47 152       0.0162518122
47 35      0.00915347119
47 40       0.0133463953
48 197       0.0163021557
48 39       0.0114437768
48 42       0.0152605839
48 40      0.00757298422
48 41      0.00985360982
49 187       0.0171572529
49 46       0.0113422037
49 42       0.0163536091
49 41      0.00827608263
49 61       0.0140506152
50 12       0.0207230882
50 54       0.0192870121
50 77       0.0195442776
50 52       0.0168217256
50 43       0.0171704217
51 63       0.0179819229
51 65       0.0118809786
51 234       0.0172397136
51 67      0.00863795813
51 223      0.00925867053
52 45       0.0171962661
52 54       0.0146082486
52 50       0.0168217256
52 53       0.0137845766
52 44       0.0163653578
53 60       0.0178403124
53 52       0.0137845766
53 58       0.0154813053
53 57       0.0106731508
53 54       0.0134008976
54 50       0.0192870121
54 58       0.0140794332
54 55       0.0155322248
54 53       0.0134008976
54 52       0.0146082486
55 72        0.017589533
55 77        0.015262079
55 58       0.0169017243
55 59       0.0126423147
55 54       0.0155322248
56 63       0.0161402797
56 42       0.0136844641
56 57       0.0110306579
56 61       0.0108878035
56 62       0.0105393948
57 63       0.0152357528
57 62       0.0114313944
57 60       0.0125830992
57 53       0.0106731508
57 56       0.0110306579
58 64       0.0163068591
58 54       0.0140794332
58 53       0.0154813053
58 60       0.0103509763
58 59       0.0145968682
59 85       0.0184650605
59 55       0.0126423147
59 64       0.0157374136
59 72       0.0099250106
59 58       0.0145968682
60 63       0.0160915464
60 65       0.0133222281
60 64       0.0133144163
60 58       0.0103509763
60 57       0.0125830992
61 70        0.015666346
61 42       0.0139061929
61 49       0.0140506152
61 56       0.0108878035
61 62       0.0130910715
62 70       0.0134696037
62 57       0.0114313944
62 61       0.0130910715
62 63      0.00560665644
62 56       0.0105393948
63 60       0.0160915464
63 57       0.0152357528
63 70       0.0108493743
63 62      0.00560665644
63 67       0.0098470401
64 68       0.0175227502
64 59       0.0157374136
64 58       0.0163068591
64 65      0.00954096257
64 60       0.0133144163
65 68       0.0172745062
65 60       0.0133222281
65 67       0.0138676005
65 51       0.0118809786
65 64      0.00954096257
66 49       0.0186437708
66 303       0.0146096938
66 61        0.016087064
66 70       0.0109949972
66 46       0.0139388123
67 62       0.0154456308
67 65       0.0138676005
67 70       0.0120109212
67 51      0.00863795813
67 63       0.0098470401
68 64       0.0175227502
68 222       0.0139236096
68 65       0.0172745062
68 69       0.0136678315
68 223       0.0155376661
69 220       0.0165332227
69 222       0.0156037682
69 224       0.0162390624
69 68       0.0136678315
69 88       0.0142430154
70 61        0.015666346
70 66       0.0109949972
70 62       0.0134696037
70 63       0.0108493743
70 67       0.0120109212
71 81       0.0254281817
71 80       0.0200539855
71 78       0.0211820543
71 14       0.0169523491
71 79       0.0186745475
72 81       0.0191322036
72 55        0.017589533
72 85       0.0129395534
72 84       0.0143124547
72 59       0.0099250106
73 71       0.0269228414
73 14       0.0245246299
73 86       0.0245146492
73 74      0.00899786909
73 80       0.0181819386
74 79       0.0244058628
74 86       0.0232009526
74 87       0.0204379386
74 80       0.0107716588
74 73      0.00899786909
75 82       0.0276290996
75 87       0.0154235593
75 94       0.0176177388
75 83       0.0150499951
75 92        0.014937543
76 50       0.0220779231
76 13       0.0142654211
76 12       0.0159867997
76 77       0.0131495993
76 78       0.0152273576
77 54       0.0206658382
77 55        0.015262079
77 50       0.0195442776
77 78       0.0143191984
77 76       0.0131495993
78 71       0.0211820543
78 13       0.0208003117
78 77       0.0143191984
78 76       0.0152273576
78 81       0.0140345309
79 71       0.0186745475
79 83       0.0149239145
79 81       0.0184190157
79 82       0.0139552043
79 80       0.0136628969
80 71       0.0200539855
80 83        0.016673399
80 73       0.0181819386
80 74       0.0107716588
80 79       0.0136628969
81 55       0.0199128699
81 79       0.0184190157
81 72       0.0191322036
81 82       0.0164389374
81 78       0.0140345309
82 72       0.0207056238
82 79       0.0139552043
82 81       0.0164389374
82 84       0.0112477095
82 83       0.0162217036
83 87       0.0170492358
83 75       0.0150499951
83 80        0.016673399
83 79       0.0149239145
83 82       0.0162217036
84 81       0.0217538774
84 72       0.0143124547
84 88       0.0178394035
84 82       0.0112477095
84 85       0.0142963077
85 69       0.0206815589
85 84       0.0142963077
85 59       0.0184650605
85 72       0.0129395534
85 88      0.00838213344
86 93       0.0266692027
86 87       0.0231651668
86 73       0.0245146492
86 89       0.0163380455
86 74       0.0232009526
87 89       0.0210464543
87 83       0.0170492358
87 80       0.0205227026
87 75       0.0154235593
87 74       0.0204379386
88 68       0.0199357038
88 84       0.0178394035
88 220       0.0171078332
88 85      0.00838213344
88 69       0.0142430154
89 94       0.0258535361
89 87       0.0210464543
89 95       0.0224483552
89 93       0.0113640827
89 86       0.0163380455
90 96       0.0271822729
90 92       0.0246161092
90 294       0.0204038958
90 94       0.0193037433
90 221       0.0185465133
91 93        0.036913525
91 96       0.0198239789
91 295       0.0261851607
91 291       0.0111255088
91 95        0.025081502
92 220       0.0236109539
92 83       0.0219334613
92 84       0.0230752037
92 75        0.014937543
92 221       0.0222431327
93 86       0.0266692027
93 95       0.0123559748
93 94       0.0254878783
93 89       0.0113640827
93 96       0.0231507551
94 87        0.024193884
94 90       0.0193037433
94 95       0.0227785841
94 75       0.0176177388
94 96       0.0201748065
95 91        0.025081502
95 89       0.0224483552
95 94       0.0227785841
95 93       0.0123559748
95 96       0.0116119973
96 93       0.0231507551
96 94       0.0201748065
96 291        0.022578816
96 91       0.0198239789
96 95       0.0116119973
97 105       0.0245204506
97 102       0.0194174396
97 104       0.0193020152
97 106       0.0192038145
97 99         0.01219227
98 288       0.0205671792
98 107       0.0157629326
98 287       0.0184307336
98 100       0.0139517936
98 290      0.00894552317
99 107       0.0254915179
99 104       0.0125913669
99 288       0.0214959586
99 97         0.01219227
99 282       0.0175460764
100 107       0.0214285943
100 98       0.0139517936
100 103       0.0205702214
100 101       0.0116240754
100 290        0.015724162
101 290        0.026609598
101 100       0.0116240754
101 98       0.0255225716
101 103       0.0093863705
101 112       0.0244091926
102 106       0.0325624066
102 97       0.0194174396
102 107       0.0263179001
102 108       0.0157939653
102 99        0.026303427
103 107       0.0353676915
103 100       0.0205702214
103 98       0.0341140182
103 101       0.0093863705
103 112       0.0271974125
104 105       0.0187329782
104 281       0.0172072769
104 275       0.0144318022
104 282       0.0102432843
104 99       0.0125913669
105 280       0.0211298158
105 27        0.020785281
105 104       0.0187329782
105 106       0.0177935432
105 275        0.014196449
106 99       0.0290813534
106 27       0.0231615576
106 104       0.0283703039
106 105       0.0177935432
106 97       0.0192038145
107 290       0.0246930139
107 100       0.0214285943
107 288       0.0228222176
107 108       0.0118366697
107 98       0.0157629326
108 98       0.0273595102
108 97       0.0268674967
108 99       0.0264853307
108 107       0.0118366697
108 102       0.0157939653
109 115       0.0209453791
109 113       0.0171250055
109 264        0.018347794
109 116       0.0118301075
109 114       0.0177474581
110 118       0.0191426191
110 114       0.0170917829
110 271        0.018953418
110 115       0.0145503049
110 111       0.0186503487
111 287       0.0225849279
111 110       0.0186503487
111 115       0.0217931089
111 118        0.011816187
111 112       0.0200002534
112 101       0.0244091926
112 111       0.0200002534
112 118       0.0229112685
112 124       0.0147273206
112 121       0.0199140184
113 293       0.0176938553
113 125       0.0153513085
113 109       0.0171250055
113 123       0.0116368419
113 116      0.00846398764
114 261       0.0204066922
114 109       0.0177474581
114 110       0.0170917829
114 264       0.0126356479
114 115      0.00880055173
115 109       0.0209453791
115 119       0.0177460669
115 114      0.00880055173
115 110       0.0145503049
115 118       0.0134781966
116 123       0.0174059828
116 125       0.0143513098
116 117        0.015151567
116 113      0.00846398764
116 109       0.0118301075
117 127       0.0192455714
117 119       0.0183442421
117 116        0.015151567
117 120       0.0103065704
117 125      0.00971743272
118 110       0.0191426191
118 119       0.0156491975
118 121       0.0176456882
118 111        0.011816187
118 115       0.0134781966
119 117       0.0183442421
119 118       0.0156491975
119 115       0.0177460669
119 121       0.0138464949
119 120       0.0160463767
120 125       0.0193626579
120 119       0.0160463767
120 121        0.017036195
120 117       0.0103065704
120 122       0.0156822654
121 122       0.0176504104
121 118       0.0176456882
121 124       0.0171137778
121 119       0.0138464949
121 120        0.017036195
122 117       0.0256186127
122 121       0.0176504104
122 127       0.0252169348
122 120       0.0156822654
122 124       0.0188296644
123 116       0.0174059828
123 125        0.012310814
123 299       0.0140750495
123 113       0.0116368419
123 302      0.00981017391
124 118       0.0302563655
124 121       0.0171137778
124 120       0.0294688097
124 112       0.0147273206
124 122       0.0188296644
125 127       0.0186607099
125 116       0.0143513098
125 113       0.0153513085
125 123        0.012310814
125 117      0.00971743272
126 299       0.0250386078
126 125       0.0239303808
126 302       0.0204495317
126 123       0.0231862816
126 127       0.0197541398
127 122       0.0252169348
127 120       0.0199580232
127 126       0.0197541398
127 117       0.0192455714
127 125       0.0186607099
128 137       0.0258453727
128 142       0.0138278223
128 140       0.0250704285
128 133         0.01177531
128 141       0.0148329834
129 135       0.0190345774
129 134       0.0139156499
129 139       0.0181686496
129 131      0.00992037749
129 132       0.0162767631
130 131       0.0227837223
130 29       0.0216675851
130 0       0.0223102912
130 129       0.0199705679
130 132      0.00966687873
131 134        0.018871539
131 132       0.0149728617
131 139       0.0127722624
131 129      0.00992037749
131 144       0.0102212678
132 144       0.0175223631
132 131       0.0149728617
132 129       0.0162767631
132 130      0.00966687873
132 29       0.0146928211
133 134       0.0231942151
133 135       0.0183313757
133 140        0.021135312
133 128         0.01177531
133 142       0.0190729563
134 140       0.0190610973
134 129       0.0139156499
134 131        0.018871539
134 135      0.00744343899
134 139       0.0166513682
135 129       0.0190345774
135 133       0.0183313757
135 139       0.0132707598
135 134      0.00744343899
135 140       0.0121542173
136 161       0.0205836002
136 154       0.0140317303
136 160        0.016657707
136 138       0.0103139496
136 153      0.00772166392
137 140        0.017244087
137 148       0.0163519347
137 147       0.0171852181
137 142       0.0120197961
137 143       0.0164653954
138 154       0.0224759926
138 141       0.0164245756
138 160       0.0216548731
138 136       0.0103139496
138 153       0.0164339159
139 134       0.0166513682
139 135       0.0132707598
139 144       0.0162957473
139 131       0.0127722624
139 140       0.0105735531
140 143       0.0178696003
140 135       0.0121542173
140 137        0.017244087
140 139       0.0105735531
140 142       0.0167266862
141 137       0.0227884926
141 138       0.0164245756
141 147       0.0155959645
141 128       0.0148329834
141 142       0.0147785931
142 147       0.0189550395
142 128       0.0138278223
142 140       0.0167266862
142 137       0.0120197961
142 141       0.0147785931
143 139       0.0178520772
143 145       0.0140773235
143 137       0.0164653954
143 146       0.0105993742
143 148       0.0150446136
144 132       0.0175223631
144 30       0.0140842797
144 139       0.0162957473
144 131       0.0102212678
144 145       0.0112275988
145 33       0.0159355738
145 30       0.0155924129
145 146       0.0146811163
145 143       0.0140773235
145 144       0.0112275988
146 33       0.0152907354
146 35       0.0136697999
146 145       0.0146811163
146 143       0.0105993742
146 148       0.0141054605
147 142       0.0189550395
147 137       0.0171852181
147 156       0.0179249362
147 155       0.0117314219
147 141       0.0155959645
148 137       0.0163519347
148 146       0.0141054605
148 143       0.0150446136
148 149       0.0119540553
148 152      0.00940659194
149 169       0.0193026485
149 164       0.0152272417
149 148       0.0119540553
149 150      0.00716423831
149 152       0.0113168913
150 152       0.0177969599
150 169       0.0127153658
150 155       0.0149759007
150 164      0.00837476875
150 149      0.00716423831
151 197        0.016112519
151 47       0.0139744113
151 170       0.0155149065
151 186      0.00970501638
151 196       0.0143907113
152 151       0.0166861279
152 146       0.0166365811
152 149       0.0113168913
152 47       0.0162518122
152 148      0.00940659194
153 138       0.0164339159
153 161       0.0144619926
153 160       0.0103346433
153 154      0.00634081926
153 136      0.00772166392
154 157        0.012627387
154 162       0.0112056544
154 160      0.00831268689
154 161        0.010283853
154 153      0.00634081926
155 164       0.0162208925
155 168       0.0162147675
155 147       0.0117314219
155 150       0.0149759007
155 156      0.00812167758
156 177       0.0155411316
156 160      0.00923001617
156 168       0.0133062421
156 157      0.00915854983
156 155      0.00812167758
157 154        0.012627387
157 160      0.00841168782
157 177      0.00930636886
157 162      0.00753634003
157 156      0.00915854983
158 166       0.0155475336
158 161       0.0100563194
158 165        0.010441836
158 162       0.0100157408
158 163      0.00847596423
159 158       0.0174460968
159 166       0.0148019331
159 176       0.0164622997
159 174       0.0123996982
159 163      0.00897013274
160 162       0.0124257949
160 157      0.00841168782
160 153       0.0103346433
160 154      0.00831268689
160 156      0.00923001617
161 163       0.0146122976
161 162        0.013082132
161 153       0.0144619926
161 154        0.010283853
161 158       0.0100563194
162 172        0.011967464
162 158       0.0100157408
162 154       0.0112056544
162 157      0.00753634003
162 177        0.010903635
163 161       0.0146122976
163 166       0.0124390883
163 165       0.0133154058
163 159      0.00897013274
163 158      0.00847596423
164 149       0.0152272417
164 150      0.00837476875
164 178       0.0124663487
164 169       0.0044636575
164 168       0.0122148166
165 181       0.0131477238
165 173       0.0119325272
165 158        0.010441836
165 166      0.00936789884
165 172       0.0103160167
166 163       0.0124390883
166 165      0.00936789884
166 173       0.0121999389
166 174      0.00861956974
166 175      0.00927018849
167 175       0.0121761564
167 15       0.0106085312
167 174      0.00944962469
167 176      0.00631648459
167 194      0.00711339129
168 164       0.0122148166
168 179        0.011877181
168 177      0.00925838457
168 169       0.0108962639
168 178       0.0066453249
169 150       0.0127153658
169 171       0.0116918113
169 168       0.0108962639
169 164       0.0044636575
169 178      0.00895518675
170 169        0.016563845
170 151       0.0155149065
170 186       0.0129899929
170 180      0.00715356242
170 171       0.0134535144
171 178       0.0137636687
171 184      0.00916016843
171 170       0.0134535144
171 180      0.00798022713
171 169       0.0116918113
172 179       0.0120863985
172 162        0.011967464
172 165       0.0103160167
172 181      0.00999179947
172 177      0.00552303672
173 165       0.0119325272
173 181      0.00805359571
173 198       0.0112209879
173 175      0.00737989724
173 195      0.00926866803
174 175       0.0125958523
174 159       0.0123996982
174 167      0.00944962469
174 166      0.00861956974
174 176      0.00646810648
175 167       0.0121761564
175 166      0.00927018849
175 198        0.012109931
175 173      0.00737989724
175 189       0.0116043997
176 166       0.0147191598
176 15       0.0144313578
176 194       0.0132391696
176 167      0.00631648459
176 174      0.00646810648
177 179       0.0123514305
177 162        0.010903635
177 168      0.00925838457
177 172      0.00552303672
177 157      0.00930636886
178 164       0.0124663487
178 169      0.00895518675
178 177       0.0123534491
178 179      0.00700238284
178 168       0.0066453249
179 177       0.0123514305
179 181       0.0106941093
179 172       0.0120863985
179 178      0.00700238284
179 168        0.011877181
180 186       0.0163807857
180 184       0.0116762496
180 169       0.0160413783
180 171      0.00798022713
180 170      0.00715356242
181 195       0.0115808619
181 179       0.0106941093
181 183       0.0112187828
181 173      0.00805359571
181 172      0.00999179947
182 205       0.0174181983
182 188       0.0151433592
182 197       0.0171652009
182 187       0.0117332751
182 46       0.0161395659
183 185       0.0127485799
183 199       0.0113546971
183 198       0.0116322514
183 181       0.0112187828
183 195      0.00756603842
184 170       0.0188231568
184 185       0.0132228892
184 190        0.015882281
184 171      0.00916016843
184 180       0.0116762496
185 184       0.0132228892
185 190       0.0115571155
185 183       0.0127485799
185 199       0.0108155578
185 201      0.00850768839
186 187       0.0160568666
186 170       0.0129899929
186 197       0.0126501637
186 151      0.00970501638
186 196      0.00532069462
187 41       0.0170482279
187 186       0.0160568666
187 196       0.0121162325
187 182       0.0117332751
187 197      0.00568340315
188 190       0.0197503252
188 205       0.0155031332
188 219       0.0184531942
188 182       0.0151433592
188 193       0.0099454186
189 175       0.0116043997
189 200       0.0104479196
189 194      0.00964540627
189 17       0.0103166409
189 198      0.00781087974
190 184        0.015882281
190 185       0.0115571155
190 193       0.0116165321
190 201      0.00885794808
190 191       0.0104804169
191 217        0.016740115
191 190       0.0104804169
191 208       0.0164413381
191 201      0.00987820181
191 193       0.0155629991
192 201       0.0139099739
192 200       0.0124215074
192 204       0.0136665991
192 202      0.00725342078
192 199       0.0116373515
193 205       0.0190639613
193 219       0.0136070608
193 191       0.0155629991
193 188       0.0099454186
193 190       0.0116165321
194 176       0.0132391696
194 15      0.00763717816
194 17       0.0124517664
194 167      0.00711339129
194 189      0.00964540627
195 189       0.0121744154
195 173      0.00926866803
195 181       0.0115808619
195 198       0.0045843392
195 183      0.00756603842
196 170       0.0169117874
196 151       0.0143907113
196 187       0.0121162325
196 186      0.00532069462
196 197       0.0104265908
197 48       0.0163021557
197 151        0.016112519
197 196       0.0104265908
197 187      0.00568340315
197 186       0.0126501637
198 183       0.0116322514
198 189      0.00781087974
198 173       0.0112209879
198 195       0.0045843392
198 200      0.00954223486
199 192       0.0116373515
199 201       0.0111111369
199 183       0.0113546971
199 185       0.0108155578
199 200       0.0107345663
200 17       0.0115752269
200 204       0.0106204841
200 199       0.0107345663
200 189       0.0104479196
200 198      0.00954223486
201 192       0.0139099739
201 191      0.00987820181
201 199       0.0111111369
201 185      0.00850768839
201 190      0.00885794808
202 216       0.0163376137
202 212       0.0144717116
202 204       0.0141314405
202 192      0.00725342078
202 217       0.0109129044
203 215       0.0198498141
203 218       0.0179651739
203 214       0.0193355214
203 213       0.0116901889
203 272       0.0124757474
204 202       0.0141314405
204 192       0.0136665991
204 17      0.00865447542
204 200       0.0106204841
204 216       0.0082342172
205 188       0.0155031332
205 219       0.0141629809
205 206       0.0140217481
205 207        0.013380769
205 210       0.0113685811
206 182       0.0193048229
206 46        0.017745621
206 205       0.0140217481
206 210      0.00888494763
206 237       0.0122124812
207 205        0.013380769
207 219       0.0130673194
207 238       0.0124410827
207 210       0.0121515151
207 209       0.0103124069
208 209       0.0161153184
208 213       0.0144587709
208 215       0.0142609531
208 218      0.00771597722
208 219       0.0115797081
209 240        0.015474921
209 248       0.0121143832
209 238       0.0154231247
209 215      0.00917080314
209 207       0.0103124069
210 238       0.0135370747
210 205       0.0113685811
210 237       0.0131894018
210 206      0.00888494763
210 207       0.0121515151
211 18       0.0170941127
211 17       0.0164772891
211 204       0.0167870493
211 216       0.0109759485
211 20       0.0120275323
212 211       0.0178949069
212 202       0.0144717116
212 204         0.01583497
212 214       0.0112966926
212 216      0.00992294959
213 215       0.0160615544
213 203       0.0116901889
213 208       0.0144587709
213 218      0.00681219505
213 217       0.0123704728
214 203       0.0193355214
214 202       0.0184840959
214 213       0.0192993589
214 212       0.0112966926
214 217       0.0160365169
215 208       0.0142609531
215 248       0.0128661998
215 218       0.0141262166
215 209      0.00917080314
215 249       0.0127033808
216 202       0.0163376137
216 211       0.0109759485
216 17       0.0135757108
216 204       0.0082342172
216 212      0.00992294959
217 192       0.0161361592
217 214       0.0160365169
217 218       0.0130839298
217 202       0.0109129044
217 213       0.0123704728
218 203       0.0179651739
218 208      0.00771597722
218 215       0.0141262166
218 213      0.00681219505
218 217       0.0130839298
219 209       0.0167954302
219 207       0.0130673194
219 205       0.0141629809
219 208       0.0115797081
219 193       0.0136070608
220 230       0.0214011154
220 69       0.0165332227
220 88       0.0171078332
220 221       0.0156395364
220 224       0.0144798407
221 224       0.0227966613
221 90       0.0185465133
221 92       0.0222431327
221 220       0.0156395364
221 230       0.0157468429
222 223       0.0152282408
222 68       0.0139236096
222 225        0.014201763
222 228      0.00843900122
222 234       0.0134586953
223 68       0.0155376661
223 51      0.00925867053
223 222       0.0152282408
223 234      0.00894608206
223 235       0.0144435811
224 230       0.0166838435
224 69       0.0162390624
224 231       0.0156777573
224 229         0.01035823
224 220       0.0144798407
225 222        0.014201763
225 234      0.00970329891
225 236       0.0138282869
225 227       0.0078541898
225 226       0.0119776268
226 266       0.0135045365
226 232      0.00946545187
226 227       0.0134769518
226 228      0.00934683061
226 225       0.0119776268
227 236       0.0136557908
227 256       0.0111742568
227 226       0.0134769518
227 225       0.0078541898
227 266       0.0114866448
228 232        0.015726344
228 226      0.00934683061
228 229       0.0153225806
228 222      0.00843900122
228 225       0.0146900262
229 233       0.0155745156
229 232       0.0129959939
229 228       0.0153225806
229 224         0.01035823
229 231       0.0124493525
230 229       0.0194908955
230 292       0.0188388113
230 224       0.0166838435
230 231       0.0102145367
230 221       0.0157468429
231 293       0.0195321492
231 229       0.0124493525
231 233       0.0167901873
231 230       0.0102145367
231 224       0.0156777573
232 228        0.015726344
232 266       0.0143006765
232 229       0.0129959939
232 226      0.00946545187
232 233       0.0117834833
233 264        0.020128792
233 232       0.0117834833
233 231       0.0167901873
233 257       0.0104894516
233 229       0.0155745156
234 222       0.0134586953
234 225      0.00970329891
234 236       0.0133174384
234 223      0.00894608206
234 235       0.0100775038
235 225       0.0156661424
235 253       0.0119404064
235 223       0.0144435811
235 236      0.00730458167
235 234       0.0100775038
236 225       0.0138282869
236 235      0.00730458167
236 227       0.0136557908
236 253      0.00676186313
236 234       0.0133174384
237 245       0.0139898201
237 206       0.0122124812
237 244       0.0136242702
237 247        0.011208512
237 210       0.0131894018
238 239       0.0147682536
238 240       0.0103099517
238 210       0.0135370747
238 247      0.00847311743
238 207       0.0124410827
239 242       0.0147551165
239 241       0.0123856167
239 246         0.01316208
239 245      0.00986532771
239 247      0.00835698787
240 209        0.015474921
240 238       0.0103099517
240 242       0.0150128047
240 248       0.0101249224
240 250       0.0124166968
241 254       0.0134468268
241 246       0.0120752448
241 239       0.0123856167
241 242      0.00820416281
241 252       0.0121247272
242 240       0.0150128047
242 239       0.0147551165
242 254       0.0138975754
242 250      0.00934691581
242 241      0.00820416281
243 276       0.0144031704
243 248       0.0140199793
243 277       0.0122086003
243 251       0.0091813769
243 250      0.00810780165
244 246       0.0187823364
244 245        0.010754974
244 237       0.0136242702
244 303       0.0107281429
244 265      0.00911764182
245 237       0.0139898201
245 244        0.010754974
245 265       0.0102271706
245 246       0.0100679071
245 239      0.00986532771
246 265       0.0126869998
246 245       0.0100679071
246 241       0.0120752448
246 252      0.00758476147
246 255       0.0107922695
247 210       0.0144393145
247 238      0.00847311743
247 245       0.0139934402
247 239      0.00835698787
247 237        0.011208512
248 243       0.0140199793
248 215       0.0128661998
248 240       0.0101249224
248 209       0.0121143832
248 249       0.0100291486
249 276       0.0161466024
249 215       0.0127033808
249 243       0.0157740985
249 248       0.0100291486
249 251       0.0102062095
250 248       0.0157047475
250 240       0.0124166968
250 277       0.0136292695
250 243      0.00810780165
250 242      0.00934691581
251 250       0.0170911504
251 249       0.0102062095
251 248           0.014866
251 243       0.0091813769
251 276      0.00745250284
252 259       0.0148874154
252 255       0.0114518072
252 241       0.0121247272
252 269      0.00770865189
252 246      0.00758476147
253 256        0.014160912
253 235       0.0119404064
253 265       0.0124435137
253 236      0.00676186313
253 255        0.010835563
254 273       0.0151337054
254 242       0.0138975754
254 269       0.0149258347
254 241       0.0134468268
254 270       0.0127352826
255 258       0.0132596785
255 252       0.0114518072
255 253        0.010835563
255 265       0.0109002474
255 246       0.0107922695
256 236       0.0144782265
256 227       0.0111742568
256 253        0.014160912
256 267      0.00957609444
256 258       0.0108880146
257 266       0.0197478873
257 268       0.0174085401
257 233       0.0104894516
257 232        0.016310179
257 264      0.00969388552
258 255       0.0132596785
258 256       0.0108880146
258 260       0.0129142686
258 259      0.00963265862
258 267       0.0107699212
259 260       0.0121041426
259 263       0.0112092742
259 270       0.0112389484
259 258      0.00963265862
259 269      0.00956929099
260 258       0.0129142686
260 267      0.00967620217
260 259       0.0121041426
260 263       0.0095462105
260 261       0.0115674967
261 263       0.0175040739
261 267       0.0147532874
261 271       0.0152588922
261 260       0.0115674967
261 268       0.0111811388
262 263       0.0157004229
262 270      0.00775907822
262 285       0.0150035518
262 284      0.00532878984
262 283       0.0132328192
263 270       0.0157694439
263 259       0.0112092742
263 262       0.0157004229
263 260       0.0095462105
263 271      0.00758638002
264 109        0.018347794
264 268       0.0165569126
264 261       0.0177294549
264 114       0.0126356479
264 257      0.00969388552
265 246       0.0126869998
265 253       0.0124435137
265 245       0.0102271706
265 255       0.0109002474
265 244      0.00911764182
266 267       0.0145313237
266 226       0.0135045365
266 232       0.0143006765
266 268      0.00932274467
266 227       0.0114866448
267 266       0.0145313237
267 260      0.00967620217
267 268       0.0123731394
267 256      0.00957609444
267 258       0.0107699212
268 260       0.0168894011
268 261       0.0111811388
268 264       0.0165569126
268 266      0.00932274467
268 267       0.0123731394
269 258       0.0149994068
269 270      0.00859688778
269 254       0.0149258347
269 252      0.00770865189
269 259      0.00956929099
270 284        0.013031713
270 269      0.00859688778
270 254       0.0127352826
270 262      0.00775907822
270 259       0.0112389484
271 285       0.0187855453
271 260       0.0130242573
271 259       0.0187145679
271 263      0.00758638002
271 261       0.0152588922
272 276       0.0235908256
272 249       0.0222720773
272 278       0.0180996941
272 203       0.0124757474
272 274       0.0157384124
273 279       0.0171578808
273 283       0.0134802007
273 281       0.0157430271
273 277      0.00812539448
273 254       0.0151337054
274 280       0.0219921338
274 26       0.0189031167
274 278       0.0177701563
274 23       0.0151424548
274 272       0.0157384124
275 279       0.0190209259
275 105        0.014196449
275 282       0.0181469596
275 280       0.0123939235
275 104       0.0144318022
276 249       0.0161466024
276 243       0.0144031704
276 279       0.0132935994
276 251      0.00745250284
276 278       0.0117068486
277 254       0.0177051986
277 250       0.0136292695
277 279       0.0140925081
277 273      0.00812539448
277 243       0.0122086003
278 251       0.0181566392
278 280       0.0130063169
278 272       0.0180996941
278 276       0.0117068486
278 274       0.0177701563
279 251       0.0184415688
279 281       0.0146482367
279 273       0.0171578808
279 276       0.0132935994
279 277       0.0140925081
280 105       0.0211298158
280 276       0.0209233512
280 279       0.0186052805
280 278       0.0130063169
280 275       0.0123939235
281 104       0.0172072769
281 273       0.0157430271
281 286       0.0158319714
281 282      0.00817745941
281 279       0.0146482367
282 275       0.0181469596
282 104       0.0102432843
282 99       0.0175460764
282 281      0.00817745941
282 286       0.0170514907
283 254       0.0167092272
283 262       0.0132328192
283 273       0.0134802007
283 286       0.0100897252
283 284       0.0122193098
284 289       0.0159204272
284 285       0.0098330408
284 270        0.013031713
284 262      0.00532878984
284 283       0.0122193098
285 283       0.0179519692
285 284       0.0098330408
285 287       0.0155113886
285 289      0.00872951031
285 262       0.0150035518
286 282       0.0170514907
286 281       0.0158319714
286 289       0.0148816298
286 283       0.0100897252
286 288       0.0129603262
287 110       0.0200022954
287 285       0.0155113886
287 98       0.0184307336
287 290       0.0105429766
287 289       0.0163057039
288 99       0.0214959586
288 98       0.0205671792
288 282       0.0199493171
288 289       0.0134712645
288 286       0.0129603262
289 287       0.0163057039
289 284       0.0159204272
289 286       0.0148816298
289 285      0.00872951031
289 288       0.0134712645
290 285       0.0229040777
290 287       0.0105429766
290 289        0.019444661
290 98      0.00894552317
290 100        0.015724162
291 300       0.0297630794
291 96        0.022578816
291 296       0.0263688987
291 91       0.0111255088
291 295       0.0152927198
292 293        0.022057872
292 230       0.0188388113
292 298       0.0184067936
292 294       0.0137463874
292 297        0.013826704
293 292        0.022057872
293 231       0.0195321492
293 233       0.0207721314
293 113       0.0176938553
293 297       0.0179848614
294 90       0.0204038958
294 295       0.0184301242
294 298       0.0203390621
294 292       0.0137463874
294 296       0.0194533284
295 298       0.0231440573
295 294       0.0184301242
295 300       0.0199912859
295 296       0.0122993021
295 291       0.0152927198
296 294       0.0194533284
296 295       0.0122993021
296 301       0.0164422005
296 300       0.0114087976
296 298       0.0121114629
297 302       0.0179224842
297 292        0.013826704
297 301       0.0176836974
297 298        0.012314468
297 299       0.0132717604
298 300       0.0183053672
298 297        0.012314468
298 299        0.014230118
298 296       0.0121114629
298 301      0.00984290695
299 298        0.014230118
299 297       0.0132717604
299 123       0.0140750495
299 302      0.00572486633
299 301         0.01021517
300 299       0.0258953328
300 295       0.0199912859
300 301        0.015681239
300 296       0.0114087976
300 298       0.0183053672
301 296       0.0164422005
301 299         0.01021517
301 300        0.015681239
301 298      0.00984290695
301 302       0.0143208299
302 298       0.0198837306
302 297       0.0179224842
302 301       0.0143208299
302 299      0.00572486633
302 123      0.00981017391
303 237       0.0198360365
303 70       0.0165444115
303 265       0.0173184678
303 66       0.0146096938
303 244       0.0107281429
