0 304 CENTRAL FID_1
26 37       0.0302258959
26 208       0.0277048081
26 419       0.0274546988
26 33       0.0267670674
26 36       0.0259496964
26 417       0.0223102912
26 28       0.0186581311
26 27       0.0134990588
27 208        0.031398207
27 39       0.0296849236
27 37       0.0191058308
27 38       0.0293912375
27 33       0.0159677569
27 36       0.0125192277
27 26       0.0134990588
27 28       0.0185707064
28 209       0.0239532398
28 419        0.022761559
28 210       0.0193968831
28 211       0.0215327863
28 208       0.0131890099
28 26       0.0186581311
28 27       0.0185707064
28 37       0.0205708807
33 28        0.034044212
33 35       0.0263030067
33 26       0.0267670674
33 38       0.0211796063
33 27       0.0159677569
33 37       0.0258162083
33 36       0.0141257552
33 39        0.013870726
34 33       0.0344401693
34 53       0.0344329714
34 38       0.0291060308
34 54       0.0332662091
34 46       0.0232303501
34 39       0.0235869277
34 35       0.0122344447
34 47       0.0300688127
35 36       0.0308975101
35 54       0.0287668719
35 39       0.0199190233
35 33       0.0263030067
35 46       0.0217247895
35 38       0.0168900237
35 34       0.0122344447
35 53       0.0236530472
36 39       0.0265472336
36 26       0.0259496964
36 222       0.0243094728
36 28       0.0245543657
36 27       0.0125192277
36 33       0.0141257552
36 37       0.0116966113
36 38       0.0174655937
37 223       0.0266538532
37 33       0.0258162083
37 211       0.0172898814
37 38       0.0224943191
37 27       0.0191058308
37 222       0.0144587014
37 36       0.0116966113
37 28       0.0205708807
38 34       0.0291060308
38 222        0.025958156
38 39       0.0248989484
38 37       0.0224943191
38 35       0.0168900237
38 36       0.0174655937
38 53       0.0148769087
38 33       0.0211796063
39 53       0.0384091404
39 37       0.0379347431
39 38       0.0248989484
39 27       0.0296849236
39 33        0.013870726
39 34       0.0235869277
39 35       0.0199190233
39 36       0.0265472336
46 38       0.0303706743
46 255       0.0242030242
46 55       0.0292303657
46 53       0.0241981977
46 34       0.0232303501
46 47       0.0213453624
46 54       0.0110026256
46 35       0.0217247895
47 252       0.0439064907
47 255        0.043281158
47 34       0.0300688127
47 35       0.0365426412
47 46       0.0213453624
47 55       0.0208786069
47 54       0.0290345284
47 250       0.0344602445
53 256       0.0258751727
53 222       0.0254097735
53 229       0.0207230882
53 46       0.0241981977
53 38       0.0148769087
53 255       0.0159867997
53 54       0.0205351338
53 35       0.0236530472
54 47       0.0290345284
54 35       0.0287668719
54 250       0.0261105157
54 256       0.0264651742
54 46       0.0110026256
54 53       0.0205351338
54 255       0.0142654211
54 257       0.0208003117
55 258       0.0341505375
55 259       0.0295620461
55 252       0.0245246299
55 46       0.0292303657
55 253       0.0290773561
55 47       0.0208786069
55 250       0.0169523491
55 54       0.0292030942
178 470       0.0196768183
178 185       0.0192913671
178 472       0.0144313578
178 485       0.0166762587
178 463       0.0106085312
178 179      0.00924942798
178 490      0.00763717816
178 180       0.0152162119
179 485       0.0253325963
179 180       0.0210874941
179 472       0.0209547049
179 507       0.0200353251
179 185       0.0109323435
179 178      0.00924942798
179 490       0.0168406179
179 463       0.0190153747
180 507       0.0164772891
180 494       0.0163812203
180 496       0.0115752269
180 178       0.0152162119
180 512       0.0135757108
180 485       0.0103166409
180 500      0.00865447542
180 490       0.0124517664
185 512       0.0275697796
185 490       0.0263203164
185 190       0.0218501743
185 180       0.0262454443
185 507       0.0170941127
185 178       0.0192913671
185 179       0.0109323435
185 192       0.0196389278
190 508       0.0352599093
190 512       0.0336658861
190 193       0.0300360612
190 179       0.0325268318
190 185       0.0218501743
190 192       0.0139939518
190 507       0.0243685093
190 194       0.0243653192
192 179        0.027506905
192 193       0.0250306138
192 500       0.0274569756
192 512       0.0198639216
192 508       0.0215538183
192 507       0.0120275323
192 185       0.0196389278
192 190       0.0139939518
193 568       0.0309768835
193 190       0.0300360612
193 508       0.0263824336
193 207       0.0264969572
193 195       0.0201182935
193 192       0.0250306138
193 510       0.0226503991
193 194       0.0235284997
194 510       0.0450554613
194 507       0.0431844252
194 201        0.032845432
194 192       0.0312304444
194 207       0.0175688672
194 195       0.0322612995
194 193       0.0235284997
194 190       0.0243653192
195 574       0.0327933804
195 194       0.0322612995
195 193       0.0201182935
195 568       0.0245273141
195 207       0.0220562677
195 201       0.0161209701
195 570       0.0151424548
195 202       0.0235051374
200 320       0.0477191778
200 319       0.0467900996
200 570       0.0450956026
200 195       0.0393040501
200 207       0.0318762286
200 201       0.0234202209
200 202       0.0298309057
200 203        0.026438609
201 194        0.032845432
201 203       0.0321777702
201 570       0.0256414242
201 193       0.0320935372
201 207       0.0160510104
201 202       0.0199263017
201 195       0.0161209701
201 200       0.0234202209
202 200       0.0298309057
202 574        0.028750435
202 201       0.0199263017
202 195       0.0235051374
202 319       0.0264061919
202 570       0.0189031167
202 203       0.0187435402
202 576       0.0227032069
203 570       0.0373156502
203 571        0.032428861
203 576       0.0322503344
203 201       0.0321777702
203 320       0.0231615576
203 319        0.020785281
203 202       0.0187435402
203 200        0.026438609
207 190       0.0410777958
207 570       0.0364624434
207 195       0.0220562677
207 202       0.0357558645
207 194       0.0175688672
207 201       0.0160510104
207 193       0.0264969572
207 200       0.0318762286
208 213       0.0247693998
208 418       0.0229864501
208 210       0.0152014061
208 417       0.0216675851
208 209       0.0128350275
208 419       0.0146928211
208 28       0.0131890099
208 435       0.0177046033
209 418       0.0236828706
209 419        0.023454089
209 213       0.0157220971
209 212       0.0175013107
209 208       0.0128350275
209 435       0.0140842797
209 210       0.0116263058
209 436       0.0155924129
210 215       0.0229479592
210 212       0.0226162155
210 211        0.013995004
210 216       0.0207057107
210 208       0.0152014061
210 209       0.0116263058
210 213       0.0107844061
210 28       0.0193968831
211 208       0.0254409416
211 216       0.0216267464
211 28       0.0215327863
211 213        0.018334127
211 37       0.0172898814
211 223       0.0139311649
211 210        0.013995004
211 222       0.0160033037
212 216       0.0215978411
212 436       0.0159355738
212 226       0.0188504731
212 213       0.0158302831
212 215       0.0140977199
212 209       0.0175013107
212 214      0.00971517092
212 437       0.0152907354
213 218       0.0230845089
213 223       0.0215156336
213 209       0.0157220971
213 211        0.018334127
213 215       0.0121975594
213 210       0.0107844061
213 216       0.0112278063
213 212       0.0158302831
214 436       0.0221802552
214 443       0.0203688258
214 215       0.0161638431
214 218       0.0195705781
214 437       0.0136697999
214 212      0.00971517092
214 226      0.00915347119
214 219       0.0165644614
215 226       0.0216758369
215 217       0.0188457099
215 219       0.0167037259
215 214       0.0161638431
215 213       0.0121975594
215 218       0.0112281482
215 216       0.0091841006
215 212       0.0140977199
216 212       0.0215978411
216 210       0.0207057107
216 217       0.0156599501
216 223       0.0168483831
216 213       0.0112278063
216 218       0.0155722472
216 215       0.0091841006
216 224       0.0168040734
217 219       0.0209431079
217 227       0.0194502482
217 216       0.0156599501
217 235       0.0185566033
217 215       0.0188457099
217 224      0.00864614518
217 221        0.011152051
217 218       0.0131210701
218 214       0.0195705781
218 220       0.0190843419
218 221       0.0166578636
218 216       0.0155722472
218 227       0.0114437768
218 215       0.0112281482
218 219      0.00874237781
218 217       0.0131210701
219 442       0.0205520651
219 493       0.0198361208
219 214       0.0165644614
219 220       0.0174204707
219 227      0.00757298422
219 218      0.00874237781
219 226       0.0133463953
219 215       0.0167037259
220 218       0.0190843419
220 240       0.0172941915
220 219       0.0174204707
220 483       0.0170482279
220 227      0.00985360982
220 228      0.00827608263
220 221       0.0119402874
220 493       0.0169674842
221 224       0.0177460882
221 218       0.0166578636
221 228       0.0163536091
221 227       0.0152605839
221 235       0.0136844641
221 220       0.0119402874
221 217        0.011152051
221 240       0.0139061929
222 38        0.025958156
222 53       0.0254097735
222 36       0.0243094728
222 231       0.0229682666
222 37       0.0144587014
222 211       0.0160033037
222 223       0.0162929339
222 229       0.0171704217
223 210       0.0239786078
223 213       0.0215156336
223 217       0.0238341686
223 224       0.0177337784
223 222       0.0162929339
223 211       0.0139311649
223 216       0.0168483831
223 231       0.0163653578
224 218       0.0209005591
224 235       0.0190263065
224 221       0.0177460882
224 232       0.0182831949
224 217      0.00864614518
224 216       0.0168040734
224 223       0.0177337784
224 231       0.0171962661
225 493       0.0239196917
225 240       0.0202229844
225 220       0.0192248665
225 483       0.0191099362
225 228       0.0113422037
225 502        0.017745621
225 245       0.0139388123
225 478       0.0161395659
226 218       0.0201041275
226 227       0.0198324797
226 212       0.0188504731
226 437       0.0183513044
226 442       0.0139744113
226 219       0.0133463953
226 214      0.00915347119
226 443       0.0162518122
227 217       0.0194502482
227 483       0.0194430677
227 221       0.0152605839
227 228       0.0179773408
227 218       0.0114437768
227 220      0.00985360982
227 219      0.00757298422
227 493       0.0163021557
228 493        0.019636221
228 245       0.0186437708
228 240       0.0140506152
228 227       0.0179773408
228 225       0.0113422037
228 220      0.00827608263
228 221       0.0163536091
228 483       0.0171572529
229 234       0.0278540126
229 223       0.0241381284
229 53       0.0207230882
229 255       0.0220779231
229 231       0.0168217256
229 233       0.0192870121
229 256       0.0195442776
229 222       0.0171704217
230 249       0.0198867152
230 247       0.0197170939
230 530       0.0172397136
230 531        0.018322461
230 244       0.0118809786
230 519      0.00925867053
230 246      0.00863795813
230 242       0.0179819229
231 237        0.025708107
231 222       0.0229682666
231 236       0.0240107448
231 224       0.0171962661
231 229       0.0168217256
231 233       0.0146082486
231 232       0.0137845766
231 223       0.0163653578
232 241       0.0220539552
232 235       0.0184378418
232 237       0.0154813053
232 224       0.0182831949
232 231       0.0137845766
232 233       0.0134008976
232 236       0.0106731508
232 239       0.0178403124
233 239        0.022887787
233 236        0.022431377
233 229       0.0192870121
233 256       0.0206658382
233 232       0.0134008976
233 231       0.0146082486
233 237       0.0140794332
233 234       0.0155322248
234 243       0.0267912993
234 251        0.017589533
234 257       0.0234306122
234 237       0.0169017243
234 256        0.015262079
234 238       0.0126423147
234 260       0.0199128699
234 233       0.0155322248
235 224       0.0190263065
235 232       0.0184378418
235 217       0.0185566033
235 242       0.0161402797
235 221       0.0136844641
235 240       0.0108878035
235 241       0.0105393948
235 236       0.0110306579
236 224       0.0219350244
236 240        0.020547596
236 237       0.0170982027
236 239       0.0125830992
236 242       0.0152357528
236 241       0.0114313944
236 232       0.0106731508
236 235       0.0110306579
237 244       0.0213286317
237 236       0.0170982027
237 238       0.0145968682
237 234       0.0169017243
237 243       0.0163068591
237 239       0.0103509763
237 233       0.0140794332
237 232       0.0154813053
238 263       0.0241487569
238 233       0.0228988647
238 243       0.0157374136
238 239       0.0212182984
238 234       0.0126423147
238 251       0.0099250106
238 237       0.0145968682
238 264       0.0184650605
239 246       0.0199514918
239 232       0.0178403124
239 242       0.0160915464
239 241       0.0166862412
239 237       0.0103509763
239 244       0.0133222281
239 236       0.0125830992
239 243       0.0133144163
240 220       0.0172941915
240 242       0.0168297425
240 245        0.016087064
240 228       0.0140506152
240 235       0.0108878035
240 221       0.0139061929
240 249        0.015666346
240 241       0.0130910715
241 245       0.0216870962
241 239       0.0166862412
241 249       0.0134696037
241 246       0.0154456308
241 236       0.0114313944
241 235       0.0105393948
241 242      0.00560665644
241 240       0.0130910715
242 244       0.0176686389
242 240       0.0168297425
242 236       0.0152357528
242 235       0.0161402797
242 241      0.00560665644
242 249       0.0108493743
242 246       0.0098470401
242 239       0.0160915464
243 251       0.0220929688
243 230       0.0210476186
243 264       0.0209190684
243 247       0.0175227502
243 244      0.00954096257
243 239       0.0133144163
243 238       0.0157374136
243 237       0.0163068591
244 237       0.0213286317
244 242       0.0176686389
244 239       0.0133222281
244 519       0.0174559649
244 246       0.0138676005
244 230       0.0118809786
244 243      0.00954096257
244 247       0.0172745062
245 246       0.0226931278
245 241       0.0216870962
245 624       0.0146096938
245 242         0.02100959
245 240        0.016087064
245 249       0.0109949972
245 225       0.0139388123
245 228       0.0186437708
246 624       0.0222110012
246 239       0.0199514918
246 244       0.0138676005
246 519       0.0177604411
246 230      0.00863795813
246 249       0.0120109212
246 242       0.0098470401
246 241       0.0154456308
247 530       0.0209632074
247 267       0.0199357038
247 244       0.0172745062
247 230       0.0197170939
247 519       0.0155376661
247 248       0.0136678315
247 518       0.0139236096
247 243       0.0175227502
248 525       0.0231863632
248 264       0.0206815589
248 524       0.0174956523
248 516       0.0165332227
248 247       0.0136678315
248 520       0.0162390624
248 518       0.0156037682
248 267       0.0142430154
249 235       0.0214178476
249 230       0.0198867152
249 624       0.0165444115
249 240        0.015666346
249 242       0.0108493743
249 245       0.0109949972
249 241       0.0134696037
249 246       0.0120109212
250 252       0.0269228414
250 54       0.0261105157
250 260       0.0254281817
250 253       0.0258598071
250 257       0.0211820543
250 259       0.0200539855
250 55       0.0169523491
250 258       0.0186745475
251 243       0.0220929688
251 267       0.0211150809
251 261       0.0207056238
251 260       0.0191322036
251 238       0.0099250106
251 234        0.017589533
251 264       0.0129395534
251 263       0.0143124547
252 262       0.0335642418
252 258       0.0310077393
252 250       0.0269228414
252 266        0.028655123
252 253      0.00899786909
252 259       0.0181819386
252 55       0.0245246299
252 265       0.0245146492
253 55       0.0290773561
253 250       0.0258598071
253 265       0.0232009526
253 258       0.0244058628
253 262       0.0247697565
253 266       0.0204379386
253 259       0.0107716588
253 252      0.00899786909
254 258       0.0299645519
254 259       0.0289872768
254 272       0.0280467497
254 276       0.0176177388
254 261       0.0276290996
254 262       0.0150499951
254 274        0.014937543
254 266       0.0154235593
255 234       0.0283409587
255 260       0.0282465676
255 229       0.0220779231
255 46       0.0242030242
255 54       0.0142654211
255 53       0.0159867997
255 256       0.0131495993
255 257       0.0152273576
256 54       0.0264651742
256 53       0.0258751727
256 260       0.0212292786
256 233       0.0206658382
256 257       0.0143191984
256 229       0.0195442776
256 234        0.015262079
256 255       0.0131495993
257 261       0.0294639722
257 258        0.025639726
257 250       0.0211820543
257 234       0.0234306122
257 260       0.0140345309
257 54       0.0208003117
257 255       0.0152273576
257 256       0.0143191984
258 257        0.025639726
258 263       0.0251879814
258 262       0.0149239145
258 250       0.0186745475
258 253       0.0244058628
258 261       0.0139552043
258 259       0.0136628969
258 260       0.0184190157
259 254       0.0289872768
259 261       0.0259076905
259 266       0.0205227026
259 250       0.0200539855
259 258       0.0136628969
259 253       0.0107716588
259 262        0.016673399
259 252       0.0181819386
260 238       0.0244122054
260 256       0.0212292786
260 263       0.0217538774
260 234       0.0199128699
260 257       0.0140345309
260 261       0.0164389374
260 258       0.0184190157
260 251       0.0191322036
261 259       0.0259076905
261 274       0.0252311159
261 262       0.0162217036
261 264       0.0252125138
261 260       0.0164389374
261 258       0.0139552043
261 263       0.0112477095
261 251       0.0207056238
262 253       0.0247697565
262 263       0.0245014261
262 261       0.0162217036
262 274       0.0219334613
262 254       0.0150499951
262 258       0.0149239145
262 266       0.0170492358
262 259        0.016673399
263 262       0.0245014261
263 238       0.0241487569
263 274       0.0230752037
263 267       0.0178394035
263 260       0.0217538774
263 261       0.0112477095
263 264       0.0142963077
263 251       0.0143124547
264 261       0.0252125138
264 247       0.0212290325
264 263       0.0142963077
264 243       0.0209190684
264 238       0.0184650605
264 267      0.00838213344
264 251       0.0129395534
264 248       0.0206815589
265 262       0.0385101229
265 254       0.0379652575
265 253       0.0232009526
265 275       0.0266692027
265 259       0.0321125522
265 266       0.0231651668
265 268       0.0163380455
265 252       0.0245146492
266 258       0.0284839267
266 276        0.024193884
266 268       0.0210464543
266 265       0.0231651668
266 254       0.0154235593
266 253       0.0204379386
266 262       0.0170492358
266 259       0.0205227026
267 520       0.0263502618
267 243        0.026017772
267 251       0.0211150809
267 263       0.0178394035
267 264      0.00838213344
267 247       0.0199357038
267 248       0.0142430154
267 516       0.0171078332
268 253         0.03334465
268 279       0.0314187914
268 276       0.0258535361
268 254       0.0310548418
268 266       0.0210464543
268 277       0.0224483552
268 275       0.0113640827
268 265       0.0163380455
272 526       0.0305229723
272 588       0.0295671368
272 279       0.0271822729
272 592       0.0204038958
272 254       0.0280467497
272 274       0.0246161092
272 517       0.0185465133
272 276       0.0193037433
273 598        0.040278665
273 276       0.0398498748
273 275        0.036913525
273 594       0.0374943888
273 277        0.025081502
273 279       0.0198239789
273 587       0.0111255088
273 593       0.0261851607
274 276       0.0257158869
274 516       0.0236109539
274 261       0.0252311159
274 263       0.0230752037
274 254        0.014937543
274 262       0.0219334613
274 272       0.0246161092
274 517       0.0222431327
275 273        0.036913525
275 254       0.0365335195
275 276       0.0254878783
275 266       0.0303177254
275 279       0.0231507551
275 268       0.0113640827
275 277       0.0123559748
275 265       0.0266692027
276 268       0.0258535361
276 275       0.0254878783
276 274       0.0257158869
276 266        0.024193884
276 254       0.0176177388
276 272       0.0193037433
276 277       0.0227785841
276 279       0.0201748065
277 266       0.0370595512
277 587       0.0315756015
277 272       0.0360419847
277 276       0.0227785841
277 279       0.0116119973
277 273        0.025081502
277 275       0.0123559748
277 268       0.0224483552
279 268       0.0314187914
279 593       0.0300198651
279 272       0.0271822729
279 587        0.022578816
279 277       0.0116119973
279 275       0.0231507551
279 273       0.0198239789
279 276       0.0201748065
307 571       0.0305018574
307 578       0.0277750225
307 319       0.0245204506
307 322       0.0268674967
307 320       0.0192038145
307 318       0.0193020152
307 311         0.01219227
307 314       0.0194174396
310 581        0.026895232
310 313       0.0255225716
310 321       0.0157629326
310 585       0.0206759821
310 583       0.0184307336
310 586      0.00894552317
310 312       0.0139517936
310 584       0.0205671792
311 322       0.0264853307
311 314        0.026303427
311 578       0.0175460764
311 321       0.0254915179
311 577       0.0257164884
311 318       0.0125913669
311 307         0.01219227
311 584       0.0214959586
312 322       0.0297303834
312 329       0.0266457189
312 321       0.0214285943
312 583        0.025724232
312 313       0.0116240754
312 315       0.0205702214
312 310       0.0139517936
312 586        0.015724162
313 322       0.0347800261
313 321       0.0296959024
313 310       0.0255225716
313 329       0.0295160522
313 315       0.0093863705
313 330       0.0244091926
313 312       0.0116240754
313 586        0.026609598
314 310       0.0420387711
314 584       0.0411350238
314 311        0.026303427
314 318       0.0374126484
314 320       0.0325624066
314 307       0.0194174396
314 322       0.0157939653
314 321       0.0263179001
315 329       0.0371331702
315 343       0.0370608783
315 310       0.0341140182
315 586       0.0359271639
315 313       0.0093863705
315 330       0.0271974125
315 312       0.0205702214
315 321       0.0353676915
318 575       0.0265574673
318 584       0.0259436626
318 319       0.0187329782
318 307       0.0193020152
318 577       0.0172072769
318 578       0.0102432843
318 311       0.0125913669
318 571       0.0144318022
319 311       0.0270866228
319 202       0.0264061919
319 203        0.020785281
319 307       0.0245204506
319 320       0.0177935432
319 571        0.014196449
319 318       0.0187329782
319 576       0.0211298158
320 202       0.0381829392
320 314       0.0325624066
320 571       0.0310227228
320 311       0.0290813534
320 318       0.0283703039
320 203       0.0231615576
320 319       0.0177935432
320 307       0.0192038145
321 313       0.0296959024
321 314       0.0263179001
321 584       0.0228222176
321 311       0.0254915179
321 322       0.0118366697
321 312       0.0214285943
321 310       0.0157629326
321 586       0.0246930139
322 313       0.0347800261
322 307       0.0268674967
322 584        0.032196899
322 311       0.0264853307
322 312       0.0297303834
322 310       0.0273595102
322 321       0.0118366697
322 314       0.0157939653
327 591       0.0240280494
327 338       0.0218233596
327 333       0.0177474581
327 553       0.0213729832
327 335       0.0118301075
327 332       0.0171250055
327 560        0.018347794
327 334       0.0209453791
328 559       0.0265058199
328 557       0.0220867705
328 329       0.0186503487
328 583       0.0200022954
328 337       0.0191426191
328 334       0.0145503049
328 333       0.0170917829
328 567        0.018953418
329 312       0.0266457189
329 586       0.0233594193
329 340       0.0254073057
329 583       0.0225849279
329 328       0.0186503487
329 334       0.0217931089
329 337        0.011816187
329 330       0.0200002534
330 338       0.0310559232
330 312       0.0298906416
330 315       0.0271974125
330 313       0.0244091926
330 340       0.0199140184
330 329       0.0200002534
330 343       0.0147273206
330 337       0.0229112685
332 597       0.0224851316
332 336       0.0205718168
332 327       0.0171250055
332 604       0.0201878697
332 335      0.00846398764
332 342       0.0116368419
332 346       0.0153513085
332 591       0.0176938553
333 338       0.0239083787
333 337       0.0222700594
333 557       0.0204066922
333 553       0.0220349751
333 328       0.0170917829
333 327       0.0177474581
333 334      0.00880055173
333 560       0.0126356479
334 557       0.0269124373
334 560       0.0213664655
334 329       0.0217931089
334 327       0.0209453791
334 338       0.0177460669
334 333      0.00880055173
334 337       0.0134781966
334 328       0.0145503049
335 339       0.0242034677
335 591       0.0237128079
335 342       0.0174059828
335 338       0.0222180285
335 327       0.0118301075
335 332      0.00846398764
335 346       0.0143513098
335 336        0.015151567
336 327       0.0242467867
336 342       0.0215696703
336 361       0.0192455714
336 332       0.0205718168
336 338       0.0183442421
336 346      0.00971743272
336 339       0.0103065704
336 335        0.015151567
337 339       0.0299903967
337 330       0.0229112685
337 340       0.0176456882
337 333       0.0222700594
337 338       0.0156491975
337 334       0.0134781966
337 329        0.011816187
337 328       0.0191426191
338 333       0.0239083787
338 335       0.0222180285
338 334       0.0177460669
338 327       0.0218233596
338 339       0.0160463767
338 340       0.0138464949
338 337       0.0156491975
338 336       0.0183442421
339 343       0.0294688097
339 335       0.0242034677
339 340        0.017036195
339 361       0.0199580232
339 338       0.0160463767
339 336       0.0103065704
339 341       0.0156822654
339 346       0.0193626579
340 329       0.0254073057
340 336       0.0253629642
340 341       0.0176504104
340 330       0.0199140184
340 338       0.0138464949
340 337       0.0176456882
340 339        0.017036195
340 343       0.0171137778
341 346       0.0335197304
341 330        0.031109144
341 336       0.0256186127
341 338       0.0266879359
341 343       0.0188296644
341 340       0.0176504104
341 339       0.0156822654
341 361       0.0252169348
342 347       0.0231862816
342 336       0.0215696703
342 595       0.0216013083
342 335       0.0174059828
342 604      0.00981017391
342 332       0.0116368419
342 346        0.012310814
342 597       0.0140750495
343 315       0.0370608783
343 329       0.0322526295
343 337       0.0302563655
343 338       0.0309593665
343 340       0.0171137778
343 341       0.0188296644
343 330       0.0147273206
343 339       0.0294688097
346 347       0.0239303808
346 604       0.0207997763
346 332       0.0153513085
346 339       0.0193626579
346 335       0.0143513098
346 342        0.012310814
346 336      0.00971743272
346 361       0.0186607099
347 332       0.0342495982
347 336       0.0312829042
347 597       0.0250386078
347 600       0.0275209861
347 342       0.0231862816
347 346       0.0239303808
347 361       0.0197541398
347 604       0.0204495317
361 335       0.0321676547
361 604       0.0318287854
361 341       0.0252169348
361 342       0.0276378235
361 347       0.0197541398
361 339       0.0199580232
361 346       0.0186607099
361 336       0.0192455714
407 429       0.0279630944
407 438       0.0278906905
407 431       0.0250704285
407 423       0.0274199279
407 432       0.0148329834
407 433       0.0138278223
407 421         0.01177531
407 426       0.0258453727
416 431       0.0265010577
416 417       0.0199705679
416 419       0.0162767631
416 435       0.0199637012
416 423       0.0190345774
416 418      0.00992037749
416 422       0.0139156499
416 430       0.0181686496
417 209       0.0323984431
417 435       0.0270883593
417 418       0.0227837223
417 28       0.0249105439
417 208       0.0216675851
417 26       0.0223102912
417 419      0.00966687873
417 416       0.0199705679
418 417       0.0227837223
418 423       0.0205734156
418 419       0.0149728617
418 436       0.0195399657
418 435       0.0102212678
418 416      0.00992037749
418 430       0.0127722624
418 422        0.018871539
419 26       0.0274546988
419 209        0.023454089
419 416       0.0162767631
419 28        0.022761559
419 208       0.0146928211
419 418       0.0149728617
419 417      0.00966687873
419 435       0.0175223631
421 426       0.0296219312
421 430        0.029171166
421 433       0.0190729563
421 432       0.0261233155
421 422       0.0231942151
421 423       0.0183313757
421 407         0.01177531
421 431        0.021135312
422 419       0.0300251132
422 435       0.0281553837
422 418        0.018871539
422 421       0.0231942151
422 430       0.0166513682
422 416       0.0139156499
422 423      0.00744343899
422 431       0.0190610973
423 407       0.0274199279
423 433       0.0249855494
423 418       0.0205734156
423 421       0.0183313757
423 422      0.00744343899
423 431       0.0121542173
423 416       0.0190345774
423 430       0.0132707598
425 458       0.0251488958
425 447       0.0246178135
425 448        0.024554169
425 456        0.016657707
425 444      0.00772166392
425 457       0.0205836002
425 429       0.0103139496
425 445       0.0140317303
426 437       0.0242966843
426 432       0.0227884926
426 431        0.017244087
426 440       0.0224782099
426 433       0.0120197961
426 439       0.0163519347
426 434       0.0164653954
426 438       0.0171852181
429 407       0.0279630944
429 447       0.0268708109
429 456       0.0216548731
429 438        0.024590802
429 432       0.0164245756
429 425       0.0103139496
429 444       0.0164339159
429 445       0.0224759926
430 416       0.0181686496
430 436       0.0180475735
430 435       0.0162957473
430 434       0.0178520772
430 423       0.0132707598
430 418       0.0127722624
430 431       0.0105735531
430 422       0.0166513682
431 418       0.0231312336
431 421        0.021135312
431 422       0.0190610973
431 434       0.0178696003
431 423       0.0121542173
431 433       0.0167266862
431 430       0.0105735531
431 426        0.017244087
432 421       0.0261233155
432 446       0.0255978001
432 426       0.0227884926
432 425       0.0255946868
432 429       0.0164245756
432 407       0.0148329834
432 433       0.0147785931
432 438       0.0155959645
433 434        0.025982345
433 423       0.0249855494
433 431       0.0167266862
433 421       0.0190729563
433 438       0.0189550395
433 407       0.0138278223
433 426       0.0120197961
433 432       0.0147785931
434 435       0.0228565661
434 443       0.0223038982
434 439       0.0150446136
434 431       0.0178696003
434 430       0.0178520772
434 436       0.0140773235
434 437       0.0105993742
434 426       0.0164653954
435 434       0.0228565661
435 208       0.0177046033
435 416       0.0199637012
435 430       0.0162957473
435 209       0.0140842797
435 418       0.0102212678
435 419       0.0175223631
435 436       0.0112275988
436 214       0.0221802552
436 418       0.0195399657
436 430       0.0180475735
436 212       0.0159355738
436 437       0.0146811163
436 209       0.0155924129
436 434       0.0140773235
436 435       0.0112275988
437 426       0.0242966843
437 443       0.0166365811
437 226       0.0183513044
437 436       0.0146811163
437 214       0.0136697999
437 212       0.0152907354
437 434       0.0105993742
437 439       0.0141054605
438 456       0.0227858315
438 440       0.0216745103
438 441       0.0208542248
438 433       0.0189550395
438 426       0.0171852181
438 446       0.0117314219
438 432       0.0155959645
438 447       0.0179249362
439 214       0.0238398177
439 226       0.0230464734
439 437       0.0141054605
439 441       0.0189553708
439 443      0.00940659194
439 440       0.0119540553
439 426       0.0163519347
439 434       0.0150446136
440 438       0.0216745103
440 466       0.0204417614
440 439       0.0119540553
440 446       0.0195868638
440 460       0.0152272417
440 441      0.00716423831
440 443       0.0113168913
440 465       0.0193026485
441 464       0.0190258573
441 439       0.0189553708
441 443       0.0177969599
441 466       0.0189207124
441 465       0.0127153658
441 460      0.00837476875
441 440      0.00716423831
441 446       0.0149759007
442 483       0.0213704919
442 443       0.0166861279
442 219       0.0205520651
442 493        0.016112519
442 482      0.00970501638
442 226       0.0139744113
442 466       0.0155149065
442 492       0.0143907113
443 466       0.0216129264
443 441       0.0177969599
443 214       0.0203688258
443 442       0.0166861279
443 226       0.0162518122
443 437       0.0166365811
443 440       0.0113168913
443 439      0.00940659194
444 447       0.0193182891
444 458       0.0174284693
444 448       0.0173894312
444 429       0.0164339159
444 425      0.00772166392
444 457       0.0144619926
444 445      0.00634081926
444 456       0.0103346433
445 447       0.0172874207
445 451       0.0161339644
445 448        0.012627387
445 425       0.0140317303
445 444      0.00634081926
445 458       0.0112056544
445 457        0.010283853
445 456      0.00831268689
446 465        0.019410013
446 456       0.0163549481
446 448       0.0171263806
446 460       0.0162208925
446 438       0.0117314219
446 464       0.0162147675
446 441       0.0149759007
446 447      0.00812167758
447 438       0.0179249362
447 445       0.0172874207
447 458       0.0165615236
447 473       0.0155411316
447 456      0.00923001617
447 448      0.00915854983
447 446      0.00812167758
447 464       0.0133062421
448 446       0.0171263806
448 468       0.0135321335
448 473      0.00930636886
448 464       0.0132335769
448 456      0.00841168782
448 458      0.00753634003
448 447      0.00915854983
448 445        0.012627387
451 454       0.0174460968
451 468       0.0161777619
451 445       0.0161339644
451 462       0.0155475336
451 458       0.0100157408
451 459      0.00847596423
451 457       0.0100563194
451 461        0.010441836
454 457       0.0221134126
454 463       0.0215160177
454 461       0.0201492211
454 451       0.0174460968
454 470       0.0123996982
454 459      0.00897013274
454 462       0.0148019331
454 472       0.0164622997
456 473        0.017714918
456 425        0.016657707
456 458       0.0124257949
456 446       0.0163549481
456 444       0.0103346433
456 445      0.00831268689
456 448      0.00841168782
456 447      0.00923001617
457 461       0.0203743523
457 456       0.0180651188
457 448       0.0189409974
457 459       0.0146122976
457 451       0.0100563194
457 458        0.013082132
457 445        0.010283853
457 444       0.0144619926
458 461       0.0139618699
458 457        0.013082132
458 468        0.011967464
458 456       0.0124257949
458 451       0.0100157408
458 448      0.00753634003
458 445       0.0112056544
458 473        0.010903635
459 472       0.0215869683
459 458       0.0184734628
459 461       0.0133154058
459 470       0.0156212419
459 454      0.00897013274
459 462       0.0124390883
459 451      0.00847596423
459 457       0.0146122976
460 466       0.0171710717
460 446       0.0162208925
460 464       0.0122148166
460 467       0.0155185623
460 465       0.0044636575
460 441      0.00837476875
460 440       0.0152272417
460 474       0.0124663487
461 471       0.0145660556
461 458       0.0139618699
461 477       0.0131477238
461 459       0.0133154058
461 462      0.00936789884
461 469       0.0119325272
461 468       0.0103160167
461 451        0.010441836
462 463       0.0150422875
462 454       0.0148019331
462 469       0.0121999389
462 472       0.0147191598
462 470      0.00861956974
462 461      0.00936789884
462 471      0.00927018849
462 459       0.0124390883
463 179       0.0190153747
463 485       0.0144788461
463 462       0.0150422875
463 471       0.0121761564
463 178       0.0106085312
463 472      0.00631648459
463 490      0.00711339129
463 470      0.00944962469
464 468       0.0139120788
464 447       0.0133062421
464 448       0.0132335769
464 465       0.0108962639
464 475        0.011877181
464 460       0.0122148166
464 474       0.0066453249
464 473      0.00925838457
465 466        0.016563845
465 476       0.0160413783
465 475       0.0154825123
465 441       0.0127153658
465 467       0.0116918113
465 464       0.0108962639
465 460       0.0044636575
465 474      0.00895518675
466 480       0.0188231568
466 460       0.0171710717
466 465        0.016563845
466 492       0.0169117874
466 476      0.00715356242
466 467       0.0134535144
466 442       0.0155149065
466 482       0.0129899929
467 464       0.0195656107
467 460       0.0155185623
467 475       0.0159126513
467 474       0.0137636687
467 476      0.00798022713
467 465       0.0116918113
467 480      0.00916016843
467 466       0.0134535144
468 474       0.0149490325
468 464       0.0139120788
468 448       0.0135321335
468 461       0.0103160167
468 473      0.00552303672
468 458        0.011967464
468 475       0.0120863985
468 477      0.00999179947
469 485       0.0151368923
469 479       0.0139701664
469 461       0.0119325272
469 462       0.0121999389
469 494       0.0112209879
469 477      0.00805359571
469 471      0.00737989724
469 491      0.00926866803
470 461       0.0178852472
470 490       0.0162201556
470 459       0.0156212419
470 471       0.0125958523
470 472      0.00646810648
470 462      0.00861956974
470 454       0.0123996982
470 463      0.00944962469
471 490       0.0137167443
471 491       0.0129675208
471 494        0.012109931
471 463       0.0121761564
471 470       0.0125958523
471 469      0.00737989724
471 462      0.00927018849
471 485       0.0116043997
472 485       0.0206163386
472 454       0.0164622997
472 178       0.0144313578
472 471       0.0157494594
472 463      0.00631648459
472 470      0.00646810648
472 490       0.0132391696
472 462       0.0147191598
473 461       0.0150850875
473 477       0.0145111029
473 475       0.0123514305
473 474       0.0123534491
473 468      0.00552303672
473 458        0.010903635
473 448      0.00930636886
473 464      0.00925838457
474 477       0.0171663437
474 468       0.0149490325
474 475      0.00700238284
474 467       0.0137636687
474 460       0.0124663487
474 464       0.0066453249
474 465      0.00895518675
474 473       0.0123534491
475 467       0.0159126513
475 465       0.0154825123
475 479       0.0145532354
475 473       0.0123514305
475 468       0.0120863985
475 464        0.011877181
475 474      0.00700238284
475 477       0.0106941093
476 474       0.0209591092
476 492       0.0184961541
476 465       0.0160413783
476 460       0.0184092406
476 480       0.0116762496
476 467      0.00798022713
476 466      0.00715356242
476 482       0.0163807857
477 471       0.0154169301
477 473       0.0145111029
477 461       0.0131477238
477 491       0.0115808619
477 475       0.0106941093
477 469      0.00805359571
477 468      0.00999179947
477 479       0.0112187828
478 228       0.0213232918
478 492       0.0182623523
478 502       0.0193048229
478 493       0.0171652009
478 501       0.0174181983
478 225       0.0161395659
478 483       0.0117332751
478 484       0.0151433592
479 496       0.0171156151
479 475       0.0145532354
479 495       0.0113546971
479 469       0.0139701664
479 477       0.0112187828
479 491      0.00756603842
479 494       0.0116322514
479 481       0.0127485799
480 474       0.0205735231
480 475       0.0197491928
480 497       0.0197183509
480 466       0.0188231568
480 467      0.00916016843
480 481       0.0132228892
480 476       0.0116762496
480 486        0.015882281
481 488        0.019545049
481 491       0.0189316012
481 479       0.0127485799
481 487       0.0178111013
481 480       0.0132228892
481 495       0.0108155578
481 497      0.00850768839
481 486       0.0115571155
482 478       0.0235094705
