0 625 final FID_1
0 13       0.0758094644
0 387       0.0755480699
0 11        0.071040891
0 386       0.0724400614
0 12        0.065237263
0 3        0.051392289
0 388       0.0688433119
0 14        0.071697771
0 10       0.0579883178
0 6       0.0212577744
0 2       0.0500575365
0 7       0.0383689565
0 9       0.0491816013
0 1       0.0343694211
0 8       0.0676346284
1 15       0.0519636444
1 388       0.0495363671
1 11       0.0428480114
1 4       0.0420660144
1 9        0.024765537
1 8       0.0360990012
1 0       0.0343694211
1 13       0.0415925073
1 3       0.0175095409
1 6       0.0166289429
1 2       0.0183825477
1 12       0.0336134336
1 7       0.0155396225
1 10       0.0320089064
1 14       0.0384701551
2 5       0.0382329466
2 388       0.0354147546
2 15       0.0344257972
2 8       0.0348603601
2 12       0.0154506703
2 11        0.024759524
2 14        0.033012052
2 4       0.0321447205
2 3       0.0166701117
2 9       0.0127003357
2 1       0.0183825477
2 7        0.014218597
2 10        0.015935672
2 13       0.0276094757
2 6       0.0292071913
3 375       0.0431752199
3 409        0.042742197
3 11         0.03824493
3 5       0.0393333556
3 9       0.0290844004
3 10        0.032234768
3 13       0.0265516804
3 6       0.0339595469
3 4       0.0249457094
3 2       0.0166701117
3 1       0.0175095409
3 7       0.0260648335
3 12       0.0258611515
3 14       0.0210286862
3 8       0.0198632696
4 374       0.0415799004
4 408        0.039448566
4 10       0.0410178582
4 11        0.038411661
4 2       0.0321447205
4 8       0.0180674946
4 406       0.0368250764
4 375       0.0349446012
4 410       0.0248779602
4 3       0.0249457094
4 5       0.0198767791
4 14      0.00979854119
4 13       0.0106647365
4 409       0.0243018814
4 12       0.0270864992
5 10       0.0391543829
5 2       0.0382329466
5 15       0.0367740523
5 8       0.0378983036
5 409       0.0377960288
5 424       0.0359284959
5 406       0.0336653391
5 391       0.0353497347
5 410       0.0312018137
5 394       0.0294289772
5 14       0.0296709217
5 13       0.0128155428
5 4       0.0198767791
5 11       0.0303794673
5 12       0.0252474993
6 4       0.0578965519
6 13       0.0559505695
6 15       0.0569538405
6 14       0.0549857445
6 12       0.0441328453
6 10       0.0369258776
6 11       0.0498609404
6 8       0.0526964816
6 7       0.0171417486
6 9       0.0281366845
6 1       0.0166289429
6 3       0.0339595469
6 2       0.0292071913
6 0       0.0212577744
6 388       0.0496017005
7 4       0.0460199979
7 8       0.0458801574
7 15       0.0401524864
7 14       0.0456603497
7 388        0.034891842
7 11       0.0327254792
7 10        0.019913091
7 13       0.0418104746
7 3       0.0260648335
7 9       0.0112444133
7 2        0.014218597
7 1       0.0155396225
7 12       0.0276978913
7 6       0.0171417486
7 0       0.0383689565
8 381       0.0457965774
8 404       0.0439164691
8 5       0.0378983036
8 12       0.0376674937
8 1       0.0360990012
8 4       0.0180674946
8 410       0.0327158599
8 2       0.0348603601
8 375       0.0236840801
8 374       0.0270224299
8 409       0.0243559973
8 14      0.00830993332
8 3       0.0198632696
8 13       0.0270143549
8 408       0.0334323292
9 5       0.0450673219
9 4       0.0432750011
9 387       0.0410049967
9 391       0.0421505155
9 2       0.0127003357
9 1        0.024765537
9 15       0.0289165981
9 13       0.0367504589
9 10      0.00880695052
9 7       0.0112444133
9 11       0.0219581432
9 12       0.0198237544
9 388       0.0248212976
9 6       0.0281366845
9 3       0.0290844004
10 4       0.0410178582
10 5       0.0391543829
10 387       0.0382873858
10 6       0.0369258776
10 7        0.019913091
10 1       0.0320089064
10 3        0.032234768
10 391       0.0333727327
10 9      0.00880695052
10 2        0.015935672
10 11       0.0132601437
10 388         0.01964614
10 12       0.0146224383
10 15       0.0203383648
10 13       0.0328377962
11 390       0.0409848837
11 4        0.038411661
11 402        0.040722083
11 3         0.03824493
11 2        0.024759524
11 388        0.020762993
11 387       0.0404815347
11 5       0.0303794673
11 10       0.0132601437
11 391       0.0210387067
11 9       0.0219581432
11 12       0.0129600915
11 7       0.0327254792
11 15       0.0104927499
11 13       0.0283137129
12 8       0.0376674937
12 1       0.0336134336
12 14       0.0324722287
12 391       0.0320329907
12 9       0.0198237544
12 7       0.0276978913
12 5       0.0252474993
12 388       0.0312047286
12 3       0.0258611515
12 2       0.0154506703
12 13       0.0182662019
12 11       0.0129600915
12 15       0.0234298694
12 10       0.0146224383
12 4       0.0270864992
13 391       0.0405698895
13 15       0.0373933395
13 406       0.0401901122
13 410       0.0319982612
13 10       0.0328377962
13 9       0.0367504589
13 409       0.0341442171
13 8       0.0270143549
13 12       0.0182662019
13 2       0.0276094757
13 5       0.0128155428
13 14       0.0193660882
13 4       0.0106647365
13 11       0.0283137129
13 3       0.0265516804
14 404       0.0426497771
14 406       0.0421948278
14 374       0.0329218685
14 1       0.0384701551
14 5       0.0296709217
14 13       0.0193660882
14 12       0.0324722287
14 408         0.03460887
14 410       0.0274350168
14 375       0.0275068015
14 3       0.0210286862
14 8      0.00830993332
14 4      0.00979854119
14 409       0.0219979981
14 2        0.033012052
15 401       0.0416966975
15 400       0.0403168699
15 7       0.0401524864
15 13       0.0373933395
15 2       0.0344257972
15 402       0.0336928702
15 387       0.0340827724
15 5       0.0367740523
15 10       0.0203383648
15 391        0.013864426
15 12       0.0234298694
15 11       0.0104927499
15 390       0.0305578964
15 388       0.0163361542
15 9       0.0289165981
16 24       0.0759332236
16 379       0.0751976178
16 30         0.06124951
16 25       0.0750654052
16 384       0.0679893107
16 19       0.0573249348
16 22       0.0502402425
16 17       0.0733619823
16 368       0.0531905141
16 20       0.0235883487
16 18       0.0254576071
16 383       0.0561697266
16 370       0.0477952422
16 21       0.0361130911
16 385       0.0728287236
17 47       0.0591788323
17 33       0.0557642102
17 21       0.0556984679
17 19       0.0534714194
17 30       0.0298069922
17 39       0.0426255312
17 29       0.0511460796
17 35       0.0503114479
17 24       0.0370465101
17 23       0.0233119853
17 22       0.0231221703
17 34       0.0408703537
17 32       0.0392585575
17 31       0.0442713773
17 20       0.0498288548
18 30       0.0633741719
18 22       0.0624445741
18 376       0.0562459565
18 382       0.0587837236
18 20       0.0384415935
18 379       0.0503442492
18 384       0.0459897863
18 373       0.0578397251
18 16       0.0254576071
18 368       0.0277333866
18 383       0.0333904317
18 19       0.0497759882
18 21       0.0316803758
18 370       0.0315796075
18 385       0.0545618746
19 36       0.0452559784
19 20       0.0432150231
19 22       0.0429162968
19 384       0.0398166798
19 39       0.0358456854
19 26       0.0319804464
19 24       0.0274971728
19 383       0.0389338189
19 21       0.0212305047
19 33       0.0344629899
19 385       0.0304634757
19 370       0.0227323665
19 25       0.0191623665
19 30       0.0238278307
19 27       0.0364507428
20 384       0.0675281046
20 385       0.0670123289
20 39       0.0662691182
20 368       0.0629873081
20 24        0.055563402
20 370       0.0437894546
20 25       0.0623497698
20 383       0.0582886642
20 17       0.0498288548
20 16       0.0235883487
20 21       0.0252855704
20 19       0.0432150231
20 22       0.0267283922
20 18       0.0384415935
20 30       0.0399536068
21 39       0.0534376322
21 26        0.051764681
21 25       0.0392387244
21 368       0.0465404437
21 24       0.0433283512
21 30         0.03184697
21 22       0.0371505442
21 384        0.043448621
21 16       0.0361130911
21 20       0.0252855704
21 370       0.0194760376
21 19       0.0212305047
21 383       0.0361364017
21 18       0.0316803758
21 385       0.0417286355
22 18       0.0624445741
22 33       0.0595529612
22 32       0.0612474655
22 34        0.057534934
22 370       0.0556997931
22 39       0.0495645506
22 25        0.059973412
22 24       0.0400501377
22 30       0.0251967533
22 16       0.0502402425
22 23       0.0464157156
22 21       0.0371505442
22 20       0.0267283922
22 19       0.0429162968
22 17       0.0231221703
23 49       0.0564493716
23 41       0.0550793798
23 39       0.0462905218
23 46       0.0484631444
23 47       0.0387835658
23 35        0.043946187
23 29       0.0356410892
23 30       0.0464876306
23 24       0.0460997425
23 34       0.0318464961
23 45        0.037008458
23 17       0.0233119853
23 32       0.0189342715
23 31       0.0242801839
23 22       0.0464157156
24 37       0.0455490311
24 21       0.0433283512
24 17       0.0370465101
24 22       0.0400501377
24 26       0.0392846215
24 33       0.0197670839
24 27       0.0332693567
24 38       0.0353536156
24 30       0.0159464121
24 35       0.0298827831
24 36       0.0338531948
24 39       0.0107301452
24 19       0.0274971728
24 34       0.0306329372
24 25       0.0313807618
25 37       0.0389993646
25 384       0.0370069971
25 419       0.0379506419
25 30       0.0368779669
25 28       0.0312763192
25 370       0.0321862083
25 33       0.0257322556
25 39       0.0344232494
25 26        0.012818229
25 385       0.0220806831
25 19       0.0191623665
25 36       0.0313240027
25 417       0.0306287016
25 27        0.019934482
25 24       0.0313807618
26 24       0.0392846215
26 39       0.0390211068
26 210       0.0379462817
26 211       0.0387469852
26 33       0.0267670674
26 419       0.0274546988
26 36       0.0259496964
26 19       0.0319804464
26 208       0.0277048081
26 28       0.0186581311
26 417       0.0223102912
26 27       0.0134990588
26 25        0.012818229
26 385       0.0246244742
26 37       0.0302258959
27 19       0.0364507428
27 210       0.0363236364
27 417       0.0340449392
27 222        0.033543337
27 28       0.0185707064
27 38       0.0293912375
27 39       0.0296849236
27 24       0.0332693567
27 208        0.031398207
27 33       0.0159677569
27 26       0.0134990588
27 37       0.0191058308
27 25        0.019934482
27 36       0.0125192277
27 211       0.0322007455
28 33        0.034044212
28 222       0.0316554861
28 417       0.0249105439
28 25       0.0312763192
28 209       0.0239532398
28 419        0.022761559
28 36       0.0245543657
28 435       0.0308525966
28 208       0.0131890099
28 26       0.0186581311
28 27       0.0185707064
28 211       0.0215327863
28 37       0.0205708807
28 210       0.0193968831
28 213       0.0301300921
29 22       0.0714324896
29 55       0.0712050693
29 42       0.0596126354
29 40        0.068624765
29 49       0.0558079419
29 47       0.0560299276
29 17       0.0511460796
29 50        0.067175795
29 45       0.0367259297
29 23       0.0356410892
29 41       0.0357401181
29 32        0.044408556
29 44       0.0418531133
29 31       0.0146421238
29 34       0.0646807543
30 26       0.0479215293
30 23       0.0464876306
30 20       0.0399536068
30 27       0.0456159882
30 370       0.0440533073
30 21         0.03184697
30 25       0.0368779669
30 35       0.0442432552
30 24       0.0159464121
30 22       0.0251967533
30 33       0.0346531631
30 39       0.0264799024
30 19       0.0238278307
30 17       0.0298069922
30 34       0.0418590321
31 35       0.0627259675
31 42       0.0617212299
31 44       0.0558126672
31 50       0.0598945869
31 41        0.033685363
31 49       0.0458840297
31 34       0.0507047658
31 46       0.0595151589
31 32       0.0299105895
31 23       0.0242801839
31 45       0.0252379786
31 47       0.0418461299
31 29       0.0146421238
31 17       0.0442713773
31 55       0.0583195147
32 38       0.0499399607
32 24       0.0478091321
32 39       0.0436592887
32 29        0.044408556
32 54       0.0417550402
32 49       0.0421605419
32 55       0.0409824487
32 31       0.0299105895
32 35       0.0333059763
32 23       0.0189342715
32 47       0.0201350842
32 46       0.0310440482
32 34       0.0218428734
32 17       0.0392585575
32 45       0.0268454369
33 222       0.0377976688
33 53       0.0360470012
33 30       0.0346531631
33 19       0.0344629899
33 28        0.034044212
33 35       0.0263030067
33 38       0.0211796063
33 34       0.0344401693
33 37       0.0258162083
33 26       0.0267670674
33 24       0.0197670839
33 27       0.0159677569
33 36       0.0141257552
33 39        0.013870726
33 25       0.0257322556
34 255       0.0432760454
34 36       0.0418993483
34 17       0.0408703537
34 30       0.0418590321
34 23       0.0318464961
34 39       0.0235869277
34 54       0.0332662091
34 33       0.0344401693
34 35       0.0122344447
34 38       0.0291060308
34 47       0.0300688127
34 46       0.0232303501
34 32       0.0218428734
34 24       0.0306329372
34 53       0.0344329714
35 222       0.0425928642
35 27       0.0402831685
35 47       0.0365426412
35 37       0.0387404949
35 53       0.0236530472
35 54       0.0287668719
35 36       0.0308975101
35 255       0.0352953193
35 46       0.0217247895
35 38       0.0168900237
35 34       0.0122344447
35 33       0.0263030067
35 24       0.0298827831
35 39       0.0199190233
35 32       0.0333059763
36 229       0.0374582457
36 210       0.0374338075
36 35       0.0308975101
36 24       0.0338531948
36 26       0.0259496964
36 27       0.0125192277
36 211       0.0287086812
36 25       0.0313240027
36 222       0.0243094728
36 28       0.0245543657
36 33       0.0141257552
36 37       0.0116966113
36 39       0.0265472336
36 38       0.0174655937
36 53       0.0299846922
37 231       0.0371426655
37 213       0.0351225763
37 53       0.0299949839
37 208       0.0317660869
37 26       0.0302258959
37 38       0.0224943191
37 210       0.0277722087
37 229       0.0303873514
37 222       0.0144587014
37 28       0.0205708807
37 33       0.0258162083
37 27       0.0191058308
37 36       0.0116966113
37 211       0.0172898814
37 223       0.0266538532
38 211       0.0380876776
38 24       0.0353536156
38 255       0.0307454974
38 54       0.0316764683
38 222        0.025958156
38 27       0.0293912375
38 39       0.0248989484
38 229       0.0305682635
38 46       0.0303706743
38 35       0.0168900237
38 37       0.0224943191
38 36       0.0174655937
38 53       0.0148769087
38 33       0.0211796063
38 34       0.0291060308
39 17       0.0426255312
39 26       0.0390211068
39 46       0.0415497566
39 53       0.0384091404
39 30       0.0264799024
39 27       0.0296849236
39 37       0.0379347431
39 19       0.0358456854
39 35       0.0199190233
39 38       0.0248989484
39 33        0.013870726
39 34       0.0235869277
39 24       0.0107301452
39 36       0.0265472336
39 25       0.0344232494
40 49       0.0909704516
40 50       0.0875758301
40 57       0.0876218837
40 45       0.0854874159
40 59       0.0683794693
40 60       0.0861545097
40 31       0.0796391518
40 43       0.0608709726
40 48       0.0394533804
40 52       0.0624972683
40 41       0.0624664407
40 29        0.068624765
40 44       0.0352602915
40 51       0.0752803061
40 42       0.0482954412
41 48       0.0555448346
41 252       0.0554731137
41 44       0.0548345894
41 23       0.0550793798
41 51        0.047153871
41 56       0.0494091343
41 47       0.0476980351
41 55        0.052210064
41 42       0.0293454694
41 45       0.0245092656
41 49       0.0297850283
41 29       0.0357401181
41 50       0.0340859396
41 31        0.033685363
41 32       0.0501637438
42 269       0.0638859266
42 31       0.0617212299
42 29       0.0596126354
42 58        0.059752388
42 40       0.0482954412
42 44       0.0588024129
42 57       0.0525954213
42 45       0.0526044043
42 48       0.0271223276
42 52       0.0400562943
42 41       0.0293454694
42 56       0.0484743984
42 50        0.040620661
42 51       0.0296036456
42 49       0.0487525973
43 44       0.0960399606
43 297       0.0950522908
43 51       0.0838678308
43 289       0.0945804784
43 52       0.0491603288
43 40       0.0608709726
43 42       0.0755637796
43 288       0.0833136165
43 48       0.0484510403
43 59       0.0206366578
43 61       0.0446285777
43 60       0.0504309726
43 57       0.0732505178
43 287        0.075274939
43 285       0.0785641503
44 47        0.093997433
44 52       0.0886282918
44 17       0.0889534647
44 51       0.0882944001
44 49       0.0840648428
44 42       0.0588024129
44 45       0.0709826338
44 50       0.0878778273
44 48       0.0654321815
44 23       0.0771666171
44 41       0.0548345894
44 40       0.0352602915
44 29       0.0418531133
44 31       0.0558126672
44 32       0.0856394768
45 54       0.0528984794
45 250       0.0516641579
45 42       0.0526044043
45 252       0.0482769451
45 41       0.0245092656
45 50       0.0368181147
45 46       0.0452473084
45 34       0.0471468533
45 55       0.0347818032
45 49       0.0209551494
45 32       0.0268454369
45 29       0.0367259297
45 47       0.0240375509
45 31       0.0252379786
45 23        0.037008458
46 260       0.0451832795
46 229       0.0426608683
46 250       0.0322543477
46 39       0.0415497566
46 255       0.0242030242
46 32       0.0310440482
46 55       0.0292303657
46 256       0.0370343125
46 54       0.0110026256
46 35       0.0217247895
46 34       0.0232303501
46 38       0.0303706743
46 47       0.0213453624
46 53       0.0241981977
46 257       0.0316069949
47 53       0.0455352612
47 257       0.0451828468
47 23       0.0387835658
47 252       0.0439064907
47 31       0.0418461299
47 34       0.0300688127
47 45       0.0240375509
47 255        0.043281158
47 54       0.0290345284
47 35       0.0365426412
47 49       0.0281388605
47 32       0.0201350842
47 55       0.0208786069
47 46       0.0213453624
47 250       0.0344602445
48 61       0.0698609818
48 269       0.0685956676
48 44       0.0654321815
48 56       0.0681758539
48 41       0.0555448346
48 60       0.0499835894
48 43       0.0484510403
48 285       0.0674390937
48 52       0.0235670999
48 59       0.0428976726
48 42       0.0271223276
48 40       0.0394533804
48 57       0.0482678601
48 51       0.0416963429
48 50       0.0647747251
49 51         0.04833829
49 46       0.0468864474
49 31       0.0458840297
49 265        0.046728933
49 253       0.0368625824
49 250       0.0390813816
49 41       0.0297850283
49 259       0.0434604668
49 252       0.0281300819
49 56       0.0328937777
49 50        0.017988907
49 47       0.0281388605
49 55       0.0234328674
49 45       0.0209551494
49 32       0.0421605419
50 266       0.0493648899
50 250       0.0464887326
50 47       0.0455743723
50 259       0.0426033727
50 253       0.0328895607
50 45       0.0368181147
50 42        0.040620661
50 58       0.0392347155
50 252       0.0244290678
50 56        0.016468944
50 49        0.017988907
50 265       0.0333088183
50 55       0.0350788744
50 41       0.0340859396
50 51       0.0316782883
51 285       0.0540180851
51 268        0.053094038
51 252       0.0501229392
51 270        0.050505361
51 41        0.047153871
51 49         0.04833829
51 48       0.0416963429
51 50       0.0316782883
51 42       0.0296036456
51 269       0.0346209739
51 58       0.0310318553
51 265       0.0413049293
51 57       0.0302199043
51 52       0.0358595846
51 56       0.0281168903
52 40       0.0624972683
52 270       0.0616263883
52 61       0.0534283539
52 286       0.0610455147
52 269       0.0513098184
52 43       0.0491603288
52 42       0.0400562943
52 58       0.0593264151
52 48       0.0235670999
52 59       0.0341394658
52 285       0.0440659363
52 60       0.0281097317
52 57       0.0275275134
52 51       0.0358595846
52 288       0.0552517775
53 233        0.038077532
53 231       0.0373633437
53 33       0.0360470012
53 257       0.0311837395
53 46       0.0241981977
53 34       0.0344329714
53 37       0.0299949839
53 256       0.0258751727
53 54       0.0205351338
53 35       0.0236530472
53 255       0.0159867997
53 222       0.0254097735
53 36       0.0299846922
53 38       0.0148769087
53 229       0.0207230882
54 234       0.0408902621
54 258       0.0408210255
54 34       0.0332662091
54 229       0.0350777454
54 38       0.0316764683
54 250       0.0261105157
54 55       0.0292030942
54 260       0.0346194254
54 35       0.0287668719
54 255       0.0142654211
54 257       0.0208003117
54 46       0.0110026256
54 47       0.0290345284
54 53       0.0205351338
54 256       0.0264651742
55 260       0.0421124887
55 32       0.0409824487
55 50       0.0350788744
55 255       0.0404870035
55 259       0.0295620461
55 45       0.0347818032
55 253       0.0290773561
55 257        0.035056387
55 54       0.0292030942
55 49       0.0234328674
55 46       0.0292303657
55 250       0.0169523491
55 252       0.0245246299
55 47       0.0208786069
55 258       0.0341505375
56 250       0.0493812762
56 42       0.0484743984
56 55       0.0431335101
56 275       0.0432988305
56 49       0.0328937777
56 51       0.0281168903
56 266       0.0383137621
56 269       0.0396346799
56 268       0.0340811612
56 58       0.0233593548
56 50        0.016468944
56 252       0.0226306377
56 253       0.0277813793
56 265       0.0181364071
56 259       0.0385525859
57 297       0.0538928095
57 42       0.0525954213
57 295       0.0501684524
57 56       0.0512045259
57 48       0.0482678601
57 270       0.0340988842
57 288       0.0377428068
57 278       0.0475234046
57 60        0.031094625
57 286       0.0368003817
57 58       0.0379275631
57 269       0.0251995112
57 285       0.0241663047
57 51       0.0302199043
57 52       0.0275275134
58 276       0.0491673846
58 253       0.0413749967
58 252       0.0407228245
58 266       0.0399657989
58 57       0.0379275631
58 278       0.0328846851
58 268       0.0234589942
58 50       0.0392347155
58 275       0.0270761431
58 265       0.0186683861
58 270       0.0309799233
58 51       0.0310318553
58 269       0.0180967411
58 56       0.0233593548
58 277       0.0388197527
59 289       0.0776530147
59 286       0.0762621582
59 51       0.0699974831
59 297       0.0750725143
59 287       0.0574920388
59 40       0.0683794693
59 42       0.0686540513
59 288       0.0627994137
59 48       0.0428976726
59 52       0.0341394658
59 61       0.0301474793
59 60        0.029806205
59 57       0.0545779046
59 43       0.0206366578
59 285       0.0579836299
60 295       0.0581049322
60 270       0.0573509505
60 51       0.0563432161
60 269       0.0543644124
60 287        0.038588759
60 57        0.031094625
60 43       0.0504309726
60 297       0.0478521647
60 59        0.029806205
60 288        0.033798962
60 61         0.03027714
60 285       0.0282307913
60 48       0.0499835894
60 52       0.0281097317
60 286       0.0464566297
61 303       0.0725599322
61 48       0.0698609818
61 57       0.0612391816
61 286       0.0670287855
61 288       0.0496620745
61 297       0.0562966524
61 52       0.0534283539
61 298       0.0668217233
61 59       0.0301474793
61 60         0.03027714
61 287       0.0319035692
61 285       0.0518324236
61 43       0.0446285777
61 289       0.0501445184
61 299       0.0641427951
62 141       0.0681783033
62 389       0.0681354831
62 74       0.0592909019
62 76       0.0656309689
62 64       0.0419872255
62 66       0.0568292169
62 63       0.0516764059
62 139       0.0622962496
62 75       0.0595962828
62 71       0.0162647303
62 73       0.0300741229
62 123       0.0327886275
62 138       0.0486072246
62 72        0.038953781
62 125       0.0604441522
63 62       0.0516764059
63 76       0.0475738314
63 77       0.0514261679
63 386       0.0472002218
63 64       0.0431188387
63 74       0.0283868865
63 397       0.0398837965
63 399       0.0403153098
63 75       0.0368320372
63 71       0.0372521614
63 73       0.0317248637
63 389       0.0252089754
63 396       0.0171575099
63 72       0.0134013317
63 398       0.0335941365
64 63       0.0431188387
64 62       0.0419872255
64 389        0.041522774
64 90       0.0417361126
64 83       0.0304292588
64 67       0.0360302959
64 71       0.0413706833
64 141       0.0383400034
64 75       0.0223397453
64 73       0.0168651283
64 66       0.0163733715
64 74       0.0276841301
64 76       0.0246585557
64 72       0.0331902677
64 138       0.0380334016
65 79       0.0403341808
65 402       0.0325055893
65 100       0.0388515641
65 393       0.0284684211
65 91       0.0310453378
65 77       0.0366091235
65 99       0.0353246759
65 390       0.0280530396
65 392       0.0214951171
65 78       0.0202019336
65 68       0.0282502898
65 69       0.0206679609
65 88       0.0195873702
65 92       0.0279616824
65 401       0.0268240554
66 93       0.0440563351
66 139        0.043241668
66 82       0.0390790596
66 142       0.0384191334
66 73       0.0331790855
66 74       0.0331904401
66 138       0.0376032486
66 143       0.0361107247
66 83       0.0140790668
66 67       0.0272607381
66 64       0.0163733715
66 75       0.0242705776
66 76       0.0189215138
66 90       0.0254167597
66 141       0.0265387978
67 93       0.0390526339
67 64       0.0360302959
67 85       0.0330675061
67 389       0.0356830856
67 74       0.0272443972
67 75       0.0201292434
67 66       0.0272607381
67 399       0.0333069031
67 77       0.0291936588
67 68       0.0262778728
67 79       0.0188889285
67 76       0.0115919976
67 83       0.0252696629
67 82       0.0204746598
67 90       0.0284550627
68 96       0.0427322677
68 399       0.0355928793
68 76       0.0373706934
68 401       0.0345059641
68 67       0.0262778728
68 92       0.0351114906
68 78       0.0252336516
68 85       0.0339142162
68 88       0.0313546594
68 91        0.021101454
68 65       0.0282502898
68 79       0.0199776948
68 82       0.0226881293
68 77       0.0243753772
68 95       0.0328477976
69 103       0.0380951892
69 96       0.0373557851
69 80       0.0325586887
69 402       0.0363396348
69 91       0.0344670645
69 65       0.0206679609
69 81       0.0312499858
69 104       0.0345717165
69 92        0.019773403
69 101       0.0279946488
69 100       0.0256050254
69 88       0.0146557755
69 99       0.0154552591
69 393       0.0203049267
69 392       0.0257200042
70 457       0.0355585556
70 103       0.0350362384
70 394        0.034182625
70 393       0.0350334448
70 450       0.0284880757
70 452       0.0229780465
70 101        0.032329556
70 428       0.0328577752
70 449       0.0180767753
70 403       0.0175060894
70 102       0.0176577291
70 80       0.0162014051
70 81       0.0184238534
70 395       0.0153490354
70 453       0.0312179702
71 83       0.0717388839
71 76       0.0616936993
71 398       0.0695084556
71 138       0.0595627445
71 64       0.0413706833
71 389       0.0569884039
71 63       0.0372521614
71 66       0.0576601338
71 75       0.0535849833
71 73       0.0253036085
71 74       0.0508158645
71 396       0.0543609722
71 72       0.0258297086
71 62       0.0162647303
71 123        0.048824888
72 67       0.0540071837
72 66       0.0478943481
72 397       0.0519002776
72 399       0.0471151818
72 64       0.0331902677
72 389       0.0314725401
72 398       0.0437144909
72 76       0.0440676789
72 75       0.0339217839
72 71       0.0258297086
72 73       0.0192504315
72 74       0.0280689977
72 396       0.0300822335
72 63       0.0134013317
72 62        0.038953781
73 123       0.0518176217
73 67       0.0481715537
73 396       0.0466013074
73 83        0.047162781
73 71       0.0253036085
73 389       0.0400338031
73 63       0.0317248637
73 138       0.0467650422
73 75       0.0296380347
73 64       0.0168651283
73 66       0.0331790855
73 74       0.0295142714
73 72       0.0192504315
73 62       0.0300741229
73 76       0.0366906784
74 83       0.0419071193
74 66       0.0331904401
74 396       0.0317644719
74 73       0.0295142714
74 64       0.0276841301
74 399       0.0248680715
74 77       0.0314619669
74 63       0.0283868865
74 75      0.00955799247
74 76       0.0198738101
74 79       0.0274036773
74 389       0.0142499983
74 72       0.0280689977
74 398       0.0299613834
74 67       0.0272443972
75 82       0.0403974028
75 63       0.0368320372
75 398       0.0379444937
75 83       0.0323503626
75 73       0.0296380347
75 389        0.023009921
75 72       0.0339217839
75 399       0.0300473953
75 64       0.0223397453
75 79       0.0265998984
75 76       0.0107423158
75 74      0.00955799247
75 77       0.0334780499
75 67       0.0201292434
75 66       0.0242705776
76 85       0.0416767771
76 68       0.0373706934
76 77       0.0345750156
76 73       0.0366906784
76 82       0.0306038879
76 83        0.023023773
76 389       0.0318324336
76 399       0.0347865603
76 64       0.0246585557
76 67       0.0115919976
76 75       0.0107423158
76 74       0.0198738101
76 66       0.0189215138
76 79       0.0253934598
76 90        0.030527935
77 65       0.0366091235
77 397       0.0346049646
77 390       0.0347836564
77 76       0.0345750156
77 389       0.0262630365
77 74       0.0314619669
77 75       0.0334780499
77 67       0.0291936588
77 78       0.0185611195
77 398       0.0250858161
77 400       0.0254145042
77 401       0.0216211156
77 399       0.0118166488
77 79        0.010358583
77 68       0.0243753772
78 397       0.0416260495
78 69       0.0408614617
78 398       0.0370873087
78 91       0.0402554305
78 400       0.0254779795
78 79       0.0257940442
78 392       0.0325334667
78 402       0.0396380494
78 68       0.0252336516
78 390       0.0198792317
78 77       0.0185611195
78 401      0.00968712405
78 65       0.0202019336
78 399       0.0278634885
78 88       0.0373585083
79 91        0.040957785
79 65       0.0403341808
79 398        0.031655805
79 400       0.0355976184
79 78       0.0257940442
79 74       0.0274036773
79 75       0.0265998984
79 82       0.0313826813
79 76       0.0253934598
79 399       0.0175562526
79 389        0.027310862
79 67       0.0188889285
79 77        0.010358583
79 68       0.0199776948
79 401       0.0310430934
80 452       0.0347852262
80 99       0.0342854629
80 69       0.0325586887
80 402       0.0340017545
80 403       0.0334013342
80 449       0.0323408415
80 101        0.024263584
80 392       0.0328978707
80 393       0.0192049046
80 103       0.0315725926
80 102       0.0189315697
80 395       0.0245920733
80 81      0.00953716864
80 70       0.0162014051
80 394       0.0327727087
81 392       0.0385558653
81 453       0.0365383343
81 69       0.0312499858
81 395       0.0310570401
81 403       0.0355946919
81 99       0.0286592605
81 89       0.0303426467
81 452       0.0302333844
81 393       0.0241014329
81 102       0.0113807074
81 101       0.0153887377
81 70       0.0184238534
81 103       0.0220368149
81 80      0.00953716864
81 449       0.0299166181
82 77       0.0405668134
82 75       0.0403974028
82 143        0.035195786
82 66       0.0390790596
82 83       0.0291130723
82 76       0.0306038879
82 95       0.0265225424
82 79       0.0313826813
82 67       0.0204746598
82 91        0.027196252
82 68       0.0226881293
82 85       0.0137497618
82 93       0.0230487771
82 90       0.0236212097
82 86       0.0302657852
83 74       0.0419071193
83 86       0.0418679489
83 85       0.0324801569
83 84       0.0384939859
83 67       0.0252696629
83 93       0.0300764077
83 64       0.0304292588
83 75       0.0323503626
83 82       0.0291130723
83 141       0.0228888171
83 66       0.0140790668
83 143       0.0232015898
83 90       0.0113482818
83 76        0.023023773
83 142       0.0304985848
84 85       0.0394888327
84 83       0.0384939859
84 156       0.0383336054
84 145       0.0365138501
84 144       0.0321364815
84 140       0.0332261449
84 135       0.0362528332
84 86       0.0313847471
84 143       0.0158899078
84 142       0.0184742358
84 134       0.0223084411
84 90       0.0308927975
84 94       0.0246499011
84 93       0.0280106316
84 141        0.030981227
85 76       0.0416767771
85 96       0.0396499015
85 84       0.0394888327
85 68       0.0339142162
85 143       0.0284687731
85 94       0.0341430953
85 83       0.0324801569
85 67       0.0330675061
85 90       0.0227891935
85 93       0.0115172357
85 86       0.0165265803
85 91       0.0297482546
85 95       0.0211351521
85 82       0.0137497618
85 97        0.029468532
86 96       0.0415065802
86 91       0.0400874571
86 156       0.0340775459
86 98       0.0400217273
86 95        0.025987591
86 84       0.0313847471
86 143       0.0273674136
86 87       0.0353905402
86 94       0.0182222149
86 93       0.0117954936
86 90       0.0305659674
86 145       0.0273490655
86 85       0.0165265803
86 97         0.01778456
86 82       0.0302657852
87 168       0.0391204015
87 94       0.0388097648
87 157       0.0366540479
87 156       0.0381704979
87 86       0.0353905402
87 167       0.0356551861
87 95       0.0320482441
87 97       0.0176686848
87 166       0.0238533608
87 96       0.0287084368
87 145       0.0328813054
87 149       0.0316818975
87 173       0.0188771184
87 146        0.019177428
87 98       0.0175839966
88 101       0.0386751815
88 98       0.0380994126
88 393       0.0340052134
88 78       0.0373585083
88 68       0.0313546594
88 99       0.0214541746
88 95       0.0330387154
88 104       0.0355319047
88 92      0.00842927085
88 100       0.0194452644
88 91       0.0198263149
88 65       0.0195873702
88 69       0.0146557755
88 96       0.0262652009
88 392       0.0351816111
89 454       0.0377281329
89 181       0.0368486787
89 104       0.0327765727
89 177       0.0350566983
89 455       0.0228453883
89 81       0.0303426467
89 452       0.0258661499
89 449       0.0325320969
89 169       0.0214157684
89 103       0.0121655383
89 176       0.0217269294
89 175       0.0272886236
89 101       0.0225231097
89 102       0.0215418386
89 453       0.0242580708
90 64       0.0417361126
90 94       0.0409157206
90 76        0.030527935
90 75       0.0409070814
90 66       0.0254167597
90 142       0.0285644877
90 82       0.0236212097
90 84       0.0308927975
90 141        0.026403504
90 93       0.0187950111
90 143       0.0150207348
90 67       0.0284550627
90 85       0.0227891935
90 83       0.0113482818
90 86       0.0305659674
91 78       0.0402554305
91 86       0.0400874571
91 99       0.0384576138
91 97       0.0400362431
91 68        0.021101454
91 69       0.0344670645
91 100       0.0270603614
91 98       0.0323079739
91 82        0.027196252
91 95       0.0158651318
91 88       0.0198263149
91 85       0.0297482546
91 92       0.0184446278
91 96       0.0216347447
91 65       0.0310453378
92 392       0.0429738503
92 393       0.0400470852
92 104        0.029678433
92 174       0.0396345159
92 101       0.0381307405
92 65       0.0279616824
92 95       0.0281668672
92 68       0.0351114906
92 96       0.0182228318
92 91       0.0184446278
92 88      0.00842927085
92 99       0.0200584281
92 69        0.019773403
92 100        0.011788524
92 98       0.0298423293
93 91       0.0408883006
93 67       0.0390526339
93 141       0.0407850368
93 83       0.0300764077
93 143       0.0185024808
93 142       0.0366090035
93 145       0.0370917976
93 97       0.0292503386
93 90       0.0187950111
93 86       0.0117954936
93 95       0.0300731816
93 84       0.0280106316
93 94       0.0254668726
93 85       0.0115172357
93 82       0.0230487771
94 148       0.0396719896
94 134        0.037602167
94 87       0.0388097648
94 85       0.0341430953
94 146       0.0374279997
94 144       0.0330998833
94 84       0.0246499011
94 143       0.0307172293
94 93       0.0254668726
94 157       0.0326252816
94 86       0.0182222149
94 145       0.0132562477
94 155       0.0256647128
94 156        0.018040506
94 97       0.0238894392
95 90        0.043837762
95 94       0.0424674371
95 100       0.0312214966
95 68       0.0328477976
95 88       0.0330387154
95 86        0.025987591
95 82       0.0265225424
95 87       0.0320482441
95 92       0.0281668672
95 93       0.0300731816
95 96        0.018534929
95 91       0.0158651318
95 85       0.0211351521
95 97       0.0242393611
95 98       0.0237801749
96 85       0.0396499015
96 69       0.0373557851
96 99       0.0319856327
96 167        0.036655255
96 88       0.0262652009
96 91       0.0216347447
96 97         0.03193095
96 173       0.0335157093
96 104       0.0298396788
96 98       0.0120562515
96 95        0.018534929
96 100       0.0146332244
96 92       0.0182228318
96 87       0.0287084368
96 174       0.0328596328
97 166       0.0406519281
97 91       0.0400362431
97 173        0.036416819
97 157       0.0365366662
97 96         0.03193095
97 93       0.0292503386
97 156       0.0305234026
97 98        0.026045749
97 85        0.029468532
97 87       0.0176686848
97 94       0.0238894392
97 145       0.0235028876
97 95       0.0242393611
97 86         0.01778456
97 146       0.0273996805
98 86       0.0400217273
98 88       0.0380994126
98 91       0.0323079739
98 104       0.0318701046
98 146       0.0365844546
98 95       0.0237801749
98 92       0.0298423293
98 174       0.0293044699
98 166       0.0338296212
98 96       0.0120562515
98 87       0.0175839966
98 100       0.0231350385
98 173       0.0222452108
98 167       0.0298306414
98 97        0.026045749
99 89       0.0378858272
99 65       0.0353246759
99 393       0.0304961931
99 80       0.0342854629
99 102       0.0345375173
99 103       0.0260068326
99 81       0.0286592605
99 174       0.0336254695
99 92       0.0200584281
99 104       0.0194731638
99 101       0.0180732659
99 88       0.0214541746
99 69       0.0154552591
99 100       0.0174563348
99 96       0.0319856327
100 173       0.0394958986
100 103       0.0389524597
100 101       0.0338882264
100 65       0.0388515641
100 98       0.0231350385
100 95       0.0312214966
100 69       0.0256050254
100 167       0.0351566626
100 104       0.0189655378
100 88       0.0194452644
100 96       0.0146332244
100 91       0.0270603614
100 92        0.011788524
100 99       0.0174563348
100 174       0.0278560245
101 92       0.0381307405
101 174       0.0379525114
101 100       0.0338882264
101 169       0.0369293491
101 69       0.0279946488
101 104       0.0250260613
101 393       0.0315739218
101 452       0.0354267132
101 80        0.024263584
101 102       0.0170977745
101 99       0.0180732659
101 103       0.0106420434
101 89       0.0225231097
101 81       0.0153887377
101 70        0.032329556
102 393       0.0354783892
102 450       0.0345900558
102 99       0.0345375173
102 395       0.0328872328
102 80       0.0189315697
102 403       0.0315557957
102 89       0.0215418386
102 455       0.0324911152
102 70       0.0176577291
102 101       0.0170977745
102 449       0.0213574166
102 103       0.0174479301
102 452       0.0197854099
102 81       0.0113807074
102 453       0.0253745579
103 449       0.0356215333
103 70       0.0350362384
103 453       0.0322621442
103 174       0.0349217719
103 80       0.0315725926
103 452       0.0308474709
103 99       0.0260068326
103 455       0.0337925261
103 104       0.0249480134
103 169        0.027373117
103 81       0.0220368149
103 101       0.0106420434
103 102       0.0174479301
103 89       0.0121655383
103 176       0.0328253203
104 173       0.0371976811
104 88       0.0355319047
104 69       0.0345717165
104 98       0.0318701046
104 89       0.0327765727
104 181       0.0311575893
104 92        0.029678433
104 169       0.0305350315
104 103       0.0249480134
104 96       0.0298396788
104 100       0.0189655378
104 101       0.0250260613
104 167        0.024185872
104 99       0.0194731638
104 174       0.0143785344
105 621        0.099566875
105 112       0.0983438777
105 120       0.0872991436
105 107        0.095251297
105 122       0.0766546098
105 121       0.0811579696
105 116       0.0709446567
105 110       0.0899873055
105 117       0.0538372958
105 115       0.0507404689
