0 304 final_moran POLY_ID
51197 122411       0.0425872599
51197 117356       0.0419697364
51197 122408        0.042414915
51197 51191       0.0403978167
51197 50786       0.0277048081
51197 51190       0.0379462817
51197 50785       0.0274546988
51197 51257       0.0390211068
51197 51193       0.0223102912
51197 51232       0.0259496964
51197 51145       0.0134990588
51197 119328       0.0302258959
51197 51199       0.0267670674
51197 51192       0.0186581311
51197 117361       0.0387469852
51145 51191       0.0424821805
51145 116956       0.0402831685
51145 50785       0.0366984831
51145 51190       0.0363236364
51145 51193       0.0340449392
51145 117361       0.0322007455
51145 51257       0.0296849236
51145 51228        0.033543337
51145 51199       0.0159677569
51145 51197       0.0134990588
51145 51192       0.0185707064
51145 50786        0.031398207
51145 51232       0.0125192277
51145 119328       0.0191058308
51145 51146       0.0293912375
51192 122408       0.0349562052
51192 117358       0.0301300921
51192 51199        0.034044212
51192 51193       0.0249105439
51192 117361       0.0215327863
51192 122411       0.0308525966
51192 51228       0.0316554861
51192 51232       0.0245543657
51192 119328       0.0205708807
51192 50786       0.0131890099
51192 51145       0.0185707064
51192 51197       0.0186581311
51192 50785        0.022761559
51192 51190       0.0193968831
51192 51191       0.0239532398
51199 51229       0.0487801789
51199 50786       0.0471269576
51199 117361       0.0426208806
51199 117277       0.0470307709
51199 51259       0.0344401693
51199 51192        0.034044212
51199 119328       0.0258162083
51199 51228       0.0377976688
51199 51145       0.0159677569
51199 51197       0.0267670674
51199 51146       0.0211796063
51199 116956       0.0263030067
51199 51257        0.013870726
51199 51232       0.0141257552
51199 117275       0.0360470012
51259 117089       0.0548036086
51259 117088       0.0539821052
51259 117279       0.0476626467
51259 119328       0.0506079888
51259 117087       0.0432760454
51259 117275       0.0344329714
51259 51199       0.0344401693
51259 51145       0.0498123294
51259 117269       0.0300688127
51259 116956       0.0122344447
51259 117277       0.0232303501
51259 51146       0.0291060308
51259 51257       0.0235869277
51259 117278       0.0332662091
51259 51232       0.0418993483
116956 51164       0.0477677296
116956 51228       0.0425928642
116956 51229       0.0438696969
116956 51145       0.0402831685
116956 117087       0.0352953193
116956 117278       0.0287668719
116956 117269       0.0365426412
116956 119328       0.0387404949
116956 117275       0.0236530472
116956 117277       0.0217247895
116956 51259       0.0122344447
116956 51146       0.0168900237
116956 51257       0.0199190233
116956 51199       0.0263030067
116956 51232       0.0308975101
51232 117362       0.0381835558
51232 51229       0.0374582457
51232 50786       0.0375465549
51232 51190       0.0374338075
51232 51257       0.0265472336
51232 117361       0.0287086812
51232 51228       0.0243094728
51232 116956       0.0308975101
51232 119328       0.0116966113
51232 51145       0.0125192277
51232 51197       0.0259496964
51232 51192       0.0245543657
51232 51146       0.0174655937
51232 51199       0.0141257552
51232 117275       0.0299846922
119328 117345       0.0371426655
119328 117358       0.0351225763
119328 50786       0.0317660869
119328 51229       0.0303873514
119328 51197       0.0302258959
119328 51190       0.0277722087
119328 117362       0.0266538532
119328 117275       0.0299949839
119328 51228       0.0144587014
119328 51145       0.0191058308
119328 51192       0.0205708807
119328 117361       0.0172898814
119328 51199       0.0258162083
119328 51232       0.0116966113
119328 51146       0.0224943191
51146 51164       0.0404472615
51146 117361       0.0380876776
51146 117278       0.0316764683
51146 117087       0.0307454974
51146 51229       0.0305682635
51146 51259       0.0291060308
51146 51257       0.0248989484
51146 51145       0.0293912375
51146 117275       0.0148769087
51146 51199       0.0211796063
51146 117277       0.0303706743
51146 116956       0.0168900237
51146 51232       0.0174655937
51146 119328       0.0224943191
51146 51228        0.025958156
51257 117269       0.0534584839
51257 117087       0.0528987281
51257 117278       0.0484382845
51257 51192       0.0479128252
51257 117277       0.0415497566
51257 119328       0.0379347431
51257 51145       0.0296849236
51257 51228       0.0477917288
51257 117275       0.0384091404
51257 116956       0.0199190233
51257 51232       0.0265472336
51257 51146       0.0248989484
51257 51259       0.0235869277
51257 51199        0.013870726
51257 51197       0.0390211068
117277 51199       0.0470307709
117277 117100       0.0451832795
117277 51257       0.0415497566
117277 51229       0.0426608683
117277 117087       0.0242030242
117277 51146       0.0303706743
117277 117089       0.0322543477
117277 51164       0.0370343125
117277 117269       0.0213453624
117277 117278       0.0110026256
117277 51259       0.0232303501
117277 117275       0.0241981977
117277 116956       0.0217247895
117277 117279       0.0292303657
117277 117088       0.0316069949
117269 51257       0.0534584839
117269 117090       0.0530700717
117269 51146       0.0498810554
117269 117091       0.0503136447
117269 117087        0.043281158
117269 117088       0.0451828468
117269 51259       0.0300688127
117269 117086       0.0496486878
117269 117277       0.0213453624
117269 117089       0.0344602445
117269 117085       0.0439064907
117269 116956       0.0365426412
117269 117279       0.0208786069
117269 117278       0.0290345284
117269 117275       0.0455352612
117275 51269        0.038077532
117275 117345       0.0373633437
117275 51259       0.0344329714
117275 51199       0.0360470012
117275 51164       0.0258751727
117275 51232       0.0299846922
117275 51228       0.0254097735
117275 117088       0.0311837395
117275 117087       0.0159867997
117275 117277       0.0241981977
117275 51146       0.0148769087
117275 117278       0.0205351338
117275 116956       0.0236530472
117275 51229       0.0207230882
117275 119328       0.0299949839
117278 117346       0.0408902621
117278 117090       0.0408210255
117278 51259       0.0332662091
117278 51229       0.0350777454
117278 117089       0.0261105157
117278 51146       0.0316764683
117278 117279       0.0292030942
117278 117100       0.0346194254
117278 117275       0.0205351338
117278 117087       0.0142654211
117278 117277       0.0110026256
117278 51164       0.0264651742
117278 116956       0.0287668719
117278 117269       0.0290345284
117278 117088       0.0208003117
117279 51164        0.048201532
117279 117092       0.0475870132
117279 51259       0.0476626467
117279 117093       0.0452606653
117279 117087       0.0404870035
117279 117086       0.0290773561
117279 117100       0.0421124887
117279 117088        0.035056387
117279 117278       0.0292030942
117279 117277       0.0292303657
117279 117089       0.0169523491
117279 117085       0.0245246299
117279 117269       0.0208786069
117279 117091       0.0295620461
117279 117090       0.0341505375
116947 117287       0.0258363343
116947 117492       0.0255651137
116947 50566       0.0243635233
116947 50639        0.024849454
116947 50484       0.0196768183
116947 50565       0.0166762587
116947 50563       0.0208622056
116947 117286       0.0236281471
116947 116953      0.00924942798
116947 50489       0.0192913671
116947 50487       0.0152162119
116947 50483       0.0144313578
116947 50559       0.0106085312
116947 50555      0.00763717816
116947 117295       0.0216510288
116953 116790       0.0325268318
116953 117286       0.0282682388
116953 50639       0.0321473826
116953 117287       0.0277938482
116953 50484        0.027091905
116953 117295       0.0200353251
116953 50563       0.0300479296
116953 50578        0.027506905
116953 50489       0.0109323435
116953 50487       0.0210874941
116953 116947      0.00924942798
116953 50559       0.0190153747
116953 50483       0.0209547049
116953 50555       0.0168406179
116953 50565       0.0253325963
50487 117288       0.0225549587
50487 50568       0.0223054511
50487 50559       0.0195275652
50487 50563       0.0214797497
50487 117484        0.020565815
50487 50566       0.0163812203
50487 116947       0.0152162119
50487 116953       0.0210874941
50487 50565       0.0103166409
50487 117295       0.0164772891
50487 50555       0.0124517664
50487 117287       0.0135757108
50487 50639       0.0115752269
50487 117286      0.00865447542
50487 50564       0.0209390963
50489 50484       0.0380061406
50489 117293       0.0349201447
50489 50639       0.0378140504
50489 50559       0.0296668831
50489 50483       0.0318859418
50489 117286       0.0310682834
50489 50565       0.0333315381
50489 117287       0.0275697796
50489 50578       0.0196389278
50489 116953       0.0109323435
50489 116790       0.0218501743
50489 117295       0.0170941127
50489 50487       0.0262454443
50489 116947       0.0192913671
50489 50555       0.0263203164
116790 50492       0.0482202202
116790 50555       0.0455060391
116790 117286       0.0408757376
116790 117294       0.0412789477
116790 116953       0.0325268318
116790 116947       0.0396640884
116790 50487       0.0404370834
116790 116793       0.0410777958
116790 117293       0.0352599093
116790 117295       0.0243685093
116790 50489       0.0218501743
116790 117287       0.0336658861
116790 50578       0.0139939518
116790 119325       0.0300360612
116790 116791       0.0243653192
50578 50639       0.0376498099
50578 50555       0.0361030673
50578 116947       0.0319234639
50578 117288       0.0347347981
50578 117294       0.0289822378
50578 116953        0.027506905
50578 117286       0.0274569756
50578 116791       0.0312304444
50578 50489       0.0196389278
50578 117295       0.0120275323
50578 117287       0.0198639216
50578 117293       0.0215538183
50578 116790       0.0139939518
50578 119325       0.0250306138
50578 50487       0.0284706414
119325 117291        0.039001586
119325 50576       0.0386671878
119325 117287       0.0335048316
119325 117295       0.0333691168
119325 116790       0.0300360612
119325 119323        0.031437387
119325 116794       0.0320935372
119325 50573       0.0325609329
119325 116791       0.0235284997
119325 50578       0.0250306138
119325 117294       0.0226503991
119325 50492       0.0201182935
119325 117293       0.0263824336
119325 116793       0.0264969572
119325 117131       0.0309768835
116791 117131       0.0523388307
116791 116795       0.0515306851
116791 117287       0.0486877539
116791 50501       0.0487434389
116791 117293       0.0451537409
116791 116794        0.032845432
116791 119323       0.0473070839
116791 50489       0.0459530632
116791 117294       0.0450554613
116791 50578       0.0312304444
116791 116793       0.0175688672
116791 119325       0.0235284997
116791 50492       0.0322612995
116791 117295       0.0431844252
116791 116790       0.0243653192
50492 117135       0.0433335838
50492 117293       0.0431080866
50492 50501       0.0393040501
50492 50500       0.0412746621
50492 50708       0.0327933804
50492 116791       0.0322612995
50492 50573       0.0334679983
50492 50594       0.0361823671
50492 117131       0.0245273141
50492 116795       0.0235051374
50492 116793       0.0220562677
50492 116794       0.0161209701
50492 119325       0.0201182935
50492 119323       0.0151424548
50492 117294        0.035135672
50501 117073       0.0654906318
50501 117131       0.0603476554
50501 50494         0.05637344
50501 50708       0.0584089275
50501 116793       0.0318762286
50501 116791       0.0487434389
50501 117066       0.0477191778
50501 119325       0.0548157585
50501 117072       0.0467900996
50501 50500        0.026438609
50501 50492       0.0393040501
50501 116795       0.0298309057
50501 119323       0.0450956026
50501 116794       0.0234202209
50501 50594       0.0519508552
116794 117294        0.050680687
116794 50573       0.0492601756
116794 50494       0.0496835109
116794 117072       0.0458943641
116794 50500       0.0321777702
116794 116791        0.032845432
116794 50708       0.0423043995
116794 50594       0.0407369638
116794 119325       0.0320935372
116794 50501       0.0234202209
116794 116793       0.0160510104
116794 50492       0.0161209701
116794 116795       0.0199263017
116794 119323       0.0256414242
116794 117131       0.0391825863
116795 117073       0.0424866707
116795 117136       0.0412313801
116795 117066       0.0381829392
116795 117135       0.0401964785
116795 116793       0.0357558645
116795 50494       0.0300320869
116795 50708        0.028750435
116795 117131       0.0344615337
116795 117072       0.0264061919
116795 50500       0.0187435402
116795 50501       0.0298309057
116795 50492       0.0235051374
116795 116794       0.0199263017
116795 119323       0.0189031167
116795 50594       0.0227032069
50500 50537       0.0481682518
50500 116793       0.0475954859
50500 50708       0.0428772454
50500 117074       0.0463818913
50500 119323       0.0373156502
50500 117073        0.039483966
50500 50594       0.0322503344
50500 50492       0.0412746621
50500 117072        0.020785281
50500 50494        0.032428861
50500 117066       0.0231615576
50500 116794       0.0321777702
50500 50501        0.026438609
50500 116795       0.0187435402
50500 117075       0.0401028757
116793 50708       0.0542031205
116793 50573       0.0534030348
116793 117294       0.0487156998
116793 50500       0.0475954859
116793 117293       0.0526802661
116793 50492       0.0220562677
116793 50578       0.0447568807
116793 117131        0.046185049
116793 50501       0.0318762286
116793 116795       0.0357558645
116793 116794       0.0160510104
116793 116791       0.0175688672
116793 119325       0.0264969572
116793 119323       0.0364624434
116793 116790       0.0410777958
50786 119328       0.0317660869
50786 51145        0.031398207
50786 117357        0.030323112
50786 117361       0.0254409416
50786 117356       0.0289467976
50786 51197       0.0277048081
50786 50785       0.0146928211
50786 50713       0.0253825227
50786 51193       0.0216675851
50786 51190       0.0152014061
50786 122408       0.0229864501
50786 122411       0.0177046033
50786 51191       0.0128350275
50786 51192       0.0131890099
50786 117358       0.0247693998
51191 117311       0.0295653641
51191 50717       0.0271172955
51191 51276       0.0271697586
51191 117359       0.0268862252
51191 117363       0.0249361409
51191 51192       0.0239532398
51191 122408       0.0236828706
51191 117361       0.0256089447
51191 117357       0.0175013107
51191 51190       0.0116263058
51191 117358       0.0157220971
51191 50785        0.023454089
51191 50786       0.0128350275
51191 122411       0.0140842797
51191 50713       0.0155924129
51190 51276       0.0317667894
51190 119328       0.0277722087
51190 51228       0.0299814114
51190 50713       0.0266900319
51190 50786       0.0152014061
51190 122411       0.0252747937
51190 50785        0.029631433
51190 117362       0.0239786078
51190 51191       0.0116263058
51190 117358       0.0107844061
51190 117357       0.0226162155
51190 117361        0.013995004
51190 51192       0.0193968831
51190 117363       0.0229479592
51190 117359       0.0207057107
117361 51145       0.0322007455
117361 51229       0.0314970753
117361 117360        0.030366921
117361 117345       0.0294500882
117361 117359       0.0216267464
117361 50786       0.0254409416
117361 51232       0.0287086812
117361 117363       0.0284681001
117361 51228       0.0160033037
117361 117358        0.018334127
117361 119328       0.0172898814
117361 51192       0.0215327863
117361 117362       0.0139311649
117361 51190        0.013995004
117361 51191       0.0256089447
117357 117307       0.0288039331
117357 50798       0.0280043703
117357 51190       0.0226162155
117357 122411       0.0245237724
117357 50793       0.0231604247
117357 117359       0.0215978411
117357 50790       0.0225999919
117357 117311       0.0235082447
117357 51191       0.0175013107
117357 50816       0.0188504731
117357 117363       0.0140977199
117357 117358       0.0158302831
117357 51276      0.00971517092
117357 50717       0.0152907354
117357 50713       0.0159355738
117358 122411       0.0292567071
117358 50793       0.0288101244
117358 50786       0.0247693998
117358 117360       0.0276876273
117358 117364       0.0267375701
117358 50790       0.0230845089
117358 51276       0.0233825349
117358 50713       0.0262371217
117358 117363       0.0121975594
117358 117359       0.0112278063
117358 117361        0.018334127
117358 51190       0.0107844061
117358 117357       0.0158302831
117358 51191       0.0157220971
117358 117362       0.0215156336
51276 51191       0.0271697586
51276 117359       0.0252870694
51276 117358       0.0233825349
51276 117311       0.0241440113
51276 117365       0.0241163537
51276 117309        0.023035613
51276 50798       0.0203688258
51276 117307       0.0238398177
51276 50717       0.0136697999
51276 50816      0.00915347119
51276 117357      0.00971517092
51276 50790       0.0195705781
51276 50793       0.0165644614
51276 117363       0.0161638431
51276 50713       0.0221802552
117363 50717       0.0280241541
117363 51224       0.0265052494
117363 51190       0.0229479592
117363 117362       0.0259536218
117363 117365       0.0221068391
117363 50793       0.0167037259
117363 50816       0.0216758369
117363 51191       0.0249361409
117363 117358       0.0121975594
117363 117357       0.0140977199
117363 117359       0.0091841006
117363 50790       0.0112281482
117363 51276       0.0161638431
117363 117364       0.0188457099
117363 117360       0.0233878954
117359 117345       0.0285435785
117359 117365       0.0269157438
117359 51224       0.0259870272
117359 51191       0.0268862252
117359 117357       0.0215978411
117359 51190       0.0207057107
117359 50793       0.0234788413
117359 51276       0.0252870694
117359 117364       0.0156599501
117359 117360       0.0168040734
117359 117362       0.0168483831
117359 117358       0.0112278063
117359 50790       0.0155722472
117359 117363       0.0091841006
117359 117361       0.0216267464
117364 117358       0.0267375701
117364 117345         0.02584038
117364 117362       0.0238341686
117364 51222       0.0254338194
117364 117366       0.0212386896
117364 117365       0.0194502482
117364 50793       0.0209431079
117364 117350       0.0249833137
117364 117363       0.0188457099
117364 117359       0.0156599501
117364 51224        0.011152051
117364 50790       0.0131210701
117364 117353       0.0185566033
117364 117360      0.00864614518
117364 51180       0.0237538424
50790 117353       0.0291760619
50790 117486       0.0271755614
50790 51181       0.0271972885
50790 117358       0.0230845089
50790 117357       0.0225999919
50790 51276       0.0195705781
50790 117366       0.0190843419
50790 117360       0.0209005591
50790 50793      0.00874237781
50790 117365       0.0114437768
50790 117363       0.0112281482
50790 117359       0.0155722472
50790 51224       0.0166578636
50790 117364       0.0131210701
50790 50816       0.0201041275
50793 50796       0.0262819238
50793 51181       0.0255389479
50793 117357       0.0231604247
50793 117485       0.0243056098
50793 50816       0.0133463953
50793 51224       0.0206009482
50793 117364       0.0209431079
50793 117359       0.0234788413
50793 51276       0.0165644614
50793 117365      0.00757298422
50793 117309       0.0205520651
50793 50790      0.00874237781
50793 117366       0.0174204707
50793 117363       0.0167037259
50793 117486       0.0198361208
117366 117360        0.029097125
117366 50794       0.0273584936
117366 117483       0.0252131811
117366 117349       0.0263811286
117366 117353       0.0232452396
117366 50790       0.0190843419
117366 50793       0.0174204707
117366 117485       0.0170482279
117366 117364       0.0212386896
117366 51177       0.0192248665
117366 51224       0.0119402874
117366 51181      0.00827608263
117366 51180       0.0172941915
117366 117365      0.00985360982
117366 117486       0.0169674842
51224 117350        0.028142698
51224 51177       0.0272416679
51224 117363       0.0265052494
51224 117359       0.0259870272
51224 117360       0.0177460882
51224 50793       0.0206009482
51224 117365       0.0152605839
51224 51222       0.0240357057
51224 117364        0.011152051
51224 117366       0.0119402874
51224 50790       0.0166578636
51224 51181       0.0163536091
51224 51180       0.0139061929
51224 117353       0.0136844641
51224 51169       0.0230024038
51228 51145        0.033543337
51228 51269       0.0333330515
51228 117360       0.0328535874
51228 117358       0.0330098917
51228 51190       0.0299814114
51228 117359       0.0321660798
51228 117275       0.0254097735
51228 117345       0.0229682666
51228 51146        0.025958156
51228 119328       0.0144587014
51228 51192       0.0316554861
51228 117361       0.0160033037
51228 117362       0.0162929339
51228 51232       0.0243094728
51228 51229       0.0171704217
117362 51224       0.0346940902
117362 50790       0.0308291395
117362 117363       0.0259536218
117362 51269       0.0308224674
117362 117358       0.0215156336
117362 117364       0.0238341686
117362 51190       0.0239786078
117362 117350       0.0278831298
117362 119328       0.0266538532
117362 51228       0.0162929339
117362 117360       0.0177337784
117362 117361       0.0139311649
117362 117359       0.0168483831
117362 117345       0.0163653578
117362 51229       0.0241381284
117360 51169       0.0288504273
117360 51269       0.0285604234
117360 117358       0.0276876273
117360 117365       0.0280942004
117360 117363       0.0233878954
117360 117353       0.0190263065
117360 51180       0.0274379581
117360 51222       0.0219350244
117360 117359       0.0168040734
117360 117364      0.00864614518
117360 117345       0.0171962661
117360 51224       0.0177460882
117360 50790       0.0209005591
117360 117362       0.0177337784
117360 117350       0.0182831949
51177 117365       0.0282832517
51177 117296       0.0264219322
51177 51224       0.0272416679
51177 50755       0.0258855376
51177 117366       0.0192248665
51177 122502       0.0257501166
51177 117301       0.0264557351
51177 117486       0.0239196917
51177 117300        0.017745621
51177 117349       0.0139388123
51177 51180       0.0202229844
51177 51181       0.0113422037
51177 50814        0.024206354
51177 117483       0.0161395659
51177 117485       0.0191099362
50816 117491       0.0283164594
50816 117312       0.0273254018
50816 117363       0.0216758369
50816 50794        0.026955353
50816 117307       0.0230464734
50816 50790       0.0201041275
50816 117365       0.0198324797
50816 117486       0.0237849257
50816 117309       0.0139744113
50816 117357       0.0188504731
50816 50798       0.0162518122
50816 51276      0.00915347119
50816 50793       0.0133463953
50816 50717       0.0183513044
50816 50796        0.023177337
117365 50796       0.0259987637
117365 50794        0.025953926
117365 51276       0.0241163537
117365 51180       0.0257395811
117365 50816       0.0198324797
117365 117363       0.0221068391
117365 117364       0.0194502482
117365 117309       0.0229829802
117365 50793      0.00757298422
117365 117366      0.00985360982
117365 51181       0.0179773408
117365 50790       0.0114437768
117365 51224       0.0152605839
117365 117485       0.0194430677
117365 117486       0.0163021557
51181 117364       0.0272061262
51181 50790       0.0271972885
51181 50814       0.0252960428
51181 51169       0.0270683369
51181 51180       0.0140506152
51181 117483       0.0213232918
51181 117353       0.0232545842
51181 50793       0.0255389479
51181 117365       0.0179773408
51181 117366      0.00827608263
51181 51177       0.0113422037
51181 51224       0.0163536091
51181 117349       0.0186437708
51181 117485       0.0171572529
51181 117486        0.019636221
51229 117360       0.0333383621
51229 117351       0.0333373866
51229 51146       0.0305682635
51229 117088       0.0327101298
51229 117350       0.0279417611
51229 117346       0.0278540126
51229 117087       0.0220779231
51229 117361       0.0314970753
51229 117345       0.0168217256
51229 51228       0.0171704217
51229 117362       0.0241381284
51229 51164       0.0195442776
51229 117275       0.0207230882
51229 51269       0.0192870121
51229 119328       0.0303873514
51236 117260       0.0269257522
51236 122502       0.0253641057
51236 50811       0.0254818885
51236 51234       0.0239911277
51236 50754        0.018322461
51236 51169       0.0235395516
51236 51170       0.0230863921
51236 117347       0.0210476186
51236 117354      0.00863795813
51236 50753       0.0172397136
51236 117348       0.0179819229
51236 117355       0.0197170939
51236 51235      0.00925867053
51236 51172       0.0118809786
51236 50814       0.0198867152
117345 51170       0.0310589419
117345 51164       0.0300849119
117345 117346       0.0298208737
117345 117361       0.0294500882
117345 117364         0.02584038
117345 51228       0.0229682666
117345 117351        0.025708107
117345 117353       0.0287184884
117345 117362       0.0163653578
117345 117360       0.0171962661
117345 51269       0.0146082486
117345 117350       0.0137845766
117345 51229       0.0168217256
117345 51222       0.0240107448
117345 117359       0.0285435785
117350 51180       0.0292319179
117350 51224        0.028142698
117350 117346        0.027016415
117350 117362       0.0278831298
117350 51229       0.0279417611
117350 117348        0.025809622
117350 51169       0.0220539552
117350 117364       0.0249833137
117350 51222       0.0106731508
117350 117351       0.0154813053
117350 51170       0.0178403124
117350 117345       0.0137845766
117350 117360       0.0182831949
117350 51269       0.0134008976
117350 117353       0.0184378418
51269 117087       0.0318514375
51269 117353       0.0317101392
51269 51170        0.022887787
51269 117094       0.0313084749
51269 117347       0.0301888502
51269 51222        0.022431377
51269 51164       0.0206658382
51269 117362       0.0308224674
51269 117352       0.0228988647
51269 117351       0.0140794332
51269 51229       0.0192870121
51269 117346       0.0155322248
51269 117350       0.0134008976
51269 117345       0.0146082486
51269 117360       0.0285604234
117346 117095       0.0304617994
117346 117345       0.0298208737
117346 117350        0.027016415
117346 117097       0.0296251097
117346 117088       0.0234306122
117346 117100       0.0199128699
117346 51170       0.0269401717
117346 117087       0.0283409587
117346 117351       0.0169017243
117346 117094        0.017589533
117346 51164        0.015262079
117346 117352       0.0126423147
117346 117347       0.0267912993
117346 51269       0.0155322248
117346 51229       0.0278540126
117353 117351       0.0281281259
117353 117354       0.0259543411
117353 51181       0.0232545842
117353 117349       0.0258812801
117353 117350       0.0184378418
117353 117360       0.0190263065
117353 50814       0.0214178476
117353 117366       0.0232452396
117353 117348       0.0161402797
117353 51180       0.0108878035
117353 117364       0.0185566033
117353 51224       0.0136844641
117353 51169       0.0105393948
117353 51222       0.0110306579
117353 51170       0.0224519492
51222 117364       0.0254338194
51222 50814       0.0248677461
51222 117345       0.0240107448
51222 51224       0.0240357057
51222 51172       0.0240163696
51222 51269        0.022431377
51222 117354       0.0239711898
51222 117360       0.0219350244
51222 117348       0.0152357528
51222 51169       0.0114313944
51222 117353       0.0110306579
51222 117351       0.0170982027
51222 117350       0.0106731508
51222 51170       0.0125830992
51222 51180        0.020547596
117351 117354       0.0302360595
117351 117353       0.0281281259
117351 51164       0.0297797084
117351 117348        0.026009296
117351 117094       0.0245185217
117351 51172       0.0213286317
117351 117346       0.0169017243
117351 117345        0.025708107
117351 51269       0.0140794332
117351 117352       0.0145968682
117351 51222       0.0170982027
117351 51170       0.0103509763
117351 117350       0.0154813053
117351 117347       0.0163068591
117351 51169       0.0254318191
117352 117092       0.0301726744
117352 117350       0.0296044729
117352 51172       0.0250023494
117352 117355       0.0294908466
117352 117100       0.0244122054
117352 51269       0.0228988647
117352 117347       0.0157374136
117352 51164       0.0277375542
117352 117346       0.0126423147
117352 117097       0.0184650605
117352 117095       0.0241487569
117352 117351       0.0145968682
117352 51170       0.0212182984
117352 117094       0.0099250106
117352 117101       0.0266606582
51170 117355       0.0291645029
51170 117346       0.0269401717
51170 117354       0.0199514918
51170 50814       0.0268083413
51170 51236       0.0230863921
51170 117350       0.0178403124
51170 51169       0.0166862412
51170 117353       0.0224519492
51170 51172       0.0133222281
51170 117348       0.0160915464
51170 51269        0.022887787
51170 117351       0.0103509763
51170 51222       0.0125830992
51170 117347       0.0133144163
51170 117352       0.0212182984
51180 117350       0.0292319179
51180 117360       0.0274379581
51180 117365       0.0257395811
51180 117354       0.0248360848
51180 117349        0.016087064
51180 117366       0.0172941915
51180 51177       0.0202229844
51180 117364       0.0237538424
51180 51169       0.0130910715
51180 117353       0.0108878035
51180 117348       0.0168297425
51180 51224       0.0139061929
51180 51181       0.0140506152
51180 50814        0.015666346
51180 51222        0.020547596
51169 117347       0.0277195361
51169 51181       0.0270683369
51169 51236       0.0235395516
51169 51224       0.0230024038
51169 117351       0.0254318191
51169 51172       0.0218449553
51169 51222       0.0114313944
51169 117349       0.0216870962
51169 117350       0.0220539552
51169 117354       0.0154456308
51169 50814       0.0134696037
51169 51170       0.0166862412
51169 117348      0.00560665644
51169 117353       0.0105393948
51169 51180       0.0130910715
117348 51235       0.0272405673
117348 122502       0.0265961688
117348 117350        0.025809622
117348 117351        0.026009296
117348 51236       0.0179819229
117348 117353       0.0161402797
117348 117347       0.0248638338
117348 117349         0.02100959
117348 51170       0.0160915464
117348 50814       0.0108493743
117348 51222       0.0152357528
117348 51169      0.00560665644
117348 117354       0.0098470401
117348 51172       0.0176686389
117348 51180       0.0168297425
117347 51169       0.0277195361
117347 117101        0.026017772
117347 117346       0.0267912993
117347 51222       0.0258932859
117347 117097       0.0209190684
117347 51235       0.0245740601
117347 117352       0.0157374136
117347 117348       0.0248638338
117347 117094       0.0220929688
117347 117355       0.0175227502
117347 51172      0.00954096257
117347 51236       0.0210476186
117347 117351       0.0163068591
117347 51170       0.0133144163
117347 117354       0.0231705168
51172 117097       0.0288093129
51172 51234       0.0278376256
51172 51169       0.0218449553
51172 50753        0.026398242
51172 117352       0.0250023494
51172 51235       0.0174559649
51172 51170       0.0133222281
51172 50814        0.025184579
51172 117351       0.0213286317
51172 117348       0.0176686389
51172 117347      0.00954096257
51172 117355       0.0172745062
51172 117354       0.0138676005
51172 51236       0.0118809786
51172 51222       0.0240163696
117349 51236       0.0297784104
117349 117366       0.0263811286
117349 51224       0.0288156517
117349 117300       0.0236725611
117349 117353       0.0258812801
117349 50755       0.0251864149
117349 51181       0.0186437708
117349 117354       0.0226931278
117349 117348         0.02100959
117349 51180        0.016087064
117349 122502       0.0146096938
117349 50812       0.0233184223
117349 51177       0.0139388123
117349 50814       0.0109949972
117349 51169       0.0216870962
117354 117353       0.0259543411
117354 50753       0.0249566713
117354 50754       0.0232930598
117354 51180       0.0248360848
117354 51222       0.0239711898
117354 117347       0.0231705168
117354 51169       0.0154456308
117354 117349       0.0226931278
117354 51235       0.0177604411
117354 51172       0.0138676005
117354 51236      0.00863795813
117354 117348       0.0098470401
117354 51170       0.0199514918
117354 50814       0.0120109212
117354 122502       0.0222110012
117355 50754       0.0294671425
117355 51170       0.0291645029
117355 117264        0.021273596
117355 117259       0.0288522495
117355 117260       0.0265011814
117355 117097       0.0212290325
117355 51234       0.0139236096
117355 117354       0.0271723363
117355 117101       0.0199357038
117355 117347       0.0175227502
117355 51172       0.0172745062
117355 50753       0.0209632074
117355 51235       0.0155376661
117355 50733       0.0136678315
117355 51236       0.0197170939
50733 117262       0.0311361527
50733 51172       0.0306861799
50733 51235       0.0265695435
50733 117260       0.0295284618
50733 50748       0.0267922307
50733 117257       0.0165332227
50733 50745       0.0231863632
50733 117347       0.0286795916
50733 117101       0.0142430154
50733 117097       0.0206815589
50733 117259       0.0162390624
50733 51234       0.0156037682
50733 117355       0.0136678315
50733 117264       0.0174956523
50733 50753       0.0283604705
50814 51235       0.0281299915
50814 50812       0.0272380401
50814 51181       0.0252960428
50814 51170       0.0268083413
50814 117353       0.0214178476
50814 51236       0.0198867152
50814 51177        0.024206354
50814 51172        0.025184579
50814 51169       0.0134696037
50814 117349       0.0109949972
50814 51180        0.015666346
50814 122502       0.0165444115
50814 117348       0.0108493743
50814 117354       0.0120109212
50814 51222       0.0248677461
117089 117099       0.0405424077
117089 51164       0.0354366564
117089 117093       0.0321547524
117089 117269       0.0344602445
117089 117277       0.0322543477
117089 117085       0.0269228414
117089 117086       0.0258598071
117089 117092       0.0312082686
117089 117091       0.0200539855
117089 117087       0.0317039406
117089 117088       0.0211820543
117089 117278       0.0261105157
117089 117279       0.0169523491
117089 117100       0.0254281817
117089 117090       0.0186745475
117094 51172       0.0315961415
117094 51269       0.0313084749
117094 117088       0.0311115858
117094 117355       0.0307579664
117094 117101       0.0211150809
117094 117351       0.0245185217
117094 117100       0.0191322036
117094 51170       0.0305434557
117094 117346        0.017589533
117094 117097       0.0129395534
117094 117095       0.0143124547
117094 117347       0.0220929688
117094 117092       0.0207056238
117094 117352       0.0099250106
117094 51164       0.0302394031
117085 117382       0.0492525944
117085 117088        0.047608537
117085 117100        0.047432097
117085 117092        0.044028871
117085 117093       0.0335642418
117085 117371       0.0379206404
117085 117090       0.0310077393
117085 117269       0.0439064907
117085 117086      0.00899786909
117085 117099        0.028655123
117085 117089       0.0269228414
117085 117098       0.0245146492
117085 117279       0.0245246299
117085 117091       0.0181819386
117085 117096       0.0423105884
117086 117088       0.0447514206
117086 117382       0.0446343036
117086 117373       0.0446085062
117086 117100        0.042118366
117086 117089       0.0258598071
117086 117096       0.0334306637
117086 117092        0.036422554
117086 117371         0.03334465
117086 117085      0.00899786909
117086 117099       0.0204379386
117086 117093       0.0247697565
117086 117090       0.0244058628
117086 117098       0.0232009526
117086 117091       0.0107716588
117086 117279       0.0290773561
117096 117098       0.0379652575
117096 117382       0.0365335195
117096 117377       0.0377450329
117096 117258       0.0342183837
117096 117090       0.0299645519
117096 117371       0.0310548418
117096 117095       0.0313239615
117096 117086       0.0334306637
117096 117099       0.0154235593
117096 117369        0.014937543
117096 117373       0.0176177388
117096 117092       0.0276290996
117096 117093       0.0150499951
117096 117376       0.0280467497
117096 117091       0.0289872768
117087 117279       0.0404870035
117087 117345       0.0373848435
117087 116956       0.0352953193
117087 51228       0.0352497409
117087 117089       0.0317039406
117087 51269       0.0318514375
117087 51229       0.0220779231
117087 117346       0.0283409587
117087 117275       0.0159867997
117087 117277       0.0242030242
117087 51164       0.0131495993
117087 51146       0.0307454974
117087 117088       0.0152273576
117087 117278       0.0142654211
117087 117100       0.0282465676
51164 51228       0.0363394916
51164 117089       0.0354366564
51164 117094       0.0302394031
51164 117350       0.0340328557
51164 117100       0.0212292786
51164 117352       0.0277375542
51164 51269       0.0206658382
51164 117345       0.0300849119
51164 117088       0.0143191984
51164 117346        0.015262079
51164 117275       0.0258751727
51164 117278       0.0264651742
51164 51229       0.0195442776
51164 117087       0.0131495993
51164 117351       0.0297797084
117088 117279        0.035056387
117088 51269       0.0340589733
117088 117094       0.0311115858
117088 117352       0.0331487603
117088 117277       0.0316069949
117088 117090        0.025639726
117088 117092       0.0294639722
117088 51229       0.0327101298
117088 117087       0.0152273576
117088 117089       0.0211820543
117088 51164       0.0143191984
117088 117278       0.0208003117
117088 117100       0.0140345309
117088 117346       0.0234306122
117088 117275       0.0311837395
117090 51164       0.0378828033
117090 117279       0.0341505375
117090 117088        0.025639726
117090 117369       0.0340789052
117090 117096       0.0299645519
117090 117086       0.0244058628
117090 117093       0.0149239145
117090 117094       0.0321062677
117090 117099       0.0284839267
117090 117095       0.0251879814
117090 117089       0.0186745475
117090 117100       0.0184190157
117090 117092       0.0139552043
117090 117091       0.0136628969
117090 117085       0.0310077393
117091 117371       0.0387393143
117091 117088        0.035881521
117091 117369       0.0385676388
117091 117098       0.0321125522
117091 117099       0.0205227026
117091 117096       0.0289872768
117091 117095       0.0368472949
117091 117100       0.0316700996
117091 117089       0.0200539855
117091 117085       0.0181819386
117091 117093        0.016673399
117091 117090       0.0136628969
117091 117086       0.0107716588
117091 117092       0.0259076905
117091 117279       0.0295620461
117100 51269       0.0347561992
117100 117278       0.0346194254
117100 117091       0.0316700996
117100 117093       0.0299294749
117100 51164       0.0212292786
117100 117352       0.0244122054
117100 117097       0.0304584423
117100 117087       0.0282465676
117100 117088       0.0140345309
117100 117094       0.0191322036
117100 117090       0.0184190157
117100 117346       0.0199128699
117100 117092       0.0164389374
117100 117095       0.0217538774
117100 117089       0.0254281817
117092 117099       0.0332693397
117092 117346       0.0321732349
117092 117091       0.0259076905
117092 117089       0.0312082686
117092 117096       0.0276290996
117092 117100       0.0164389374
117092 117097       0.0252125138
117092 117352       0.0301726744
117092 117088       0.0294639722
117092 117369       0.0252311159
117092 117095       0.0112477095
117092 117090       0.0139552043
117092 117093       0.0162217036
