0 625 final FID_1
0 390        0.103075586
0 408       0.0985289816
0 398        0.102645014
0 369       0.0960060619
0 400       0.0961468133
0 5       0.0876819205
0 396         0.10171206
0 14        0.071697771
0 375       0.0860251252
0 409       0.0919905976
0 391       0.0912588878
0 374       0.0825632599
0 387       0.0755480699
0 4       0.0762803185
0 410       0.0991307222
0 10       0.0579883178
0 2       0.0500575365
0 11        0.071040891
0 15       0.0777387145
0 12        0.065237263
0 3        0.051392289
0 1       0.0343694211
0 6       0.0212577744
0 13       0.0758094644
0 8       0.0676346284
0 7       0.0383689565
0 386       0.0724400614
0 388       0.0688433119
0 9       0.0491816013
0 397       0.0897906569
1 390       0.0814392462
1 406       0.0788890372
1 394       0.0811277561
1 15       0.0519636444
1 369       0.0784579825
1 410       0.0656404167
1 404       0.0799713138
1 12       0.0336134336
1 8       0.0360990012
1 391        0.063875672
1 386       0.0698810398
1 388       0.0495363671
1 387       0.0641933149
1 409       0.0599032802
1 381       0.0799635378
1 9        0.024765537
1 10       0.0320089064
1 3       0.0175095409
1 6       0.0166289429
1 374       0.0574112264
1 0       0.0343694211
1 375       0.0579480655
1 2       0.0183825477
1 7       0.0155396225
1 11       0.0428480114
1 14       0.0384701551
1 4       0.0420660144
1 5       0.0537794839
1 13       0.0415925073
1 408       0.0691831335
2 397       0.0718935143
2 406       0.0675355088
2 400       0.0684878458
2 375       0.0585428898
2 390       0.0646420298
2 402       0.0649577372
2 408       0.0674067705
2 5       0.0382329466
2 13       0.0276094757
2 410       0.0570211497
2 386       0.0630920686
2 374       0.0609848856
2 387       0.0531131578
2 8       0.0348603601
2 394       0.0637910225
2 4       0.0321447205
2 12       0.0154506703
2 10        0.015935672
2 3       0.0166701117
2 409       0.0547101268
2 391       0.0456865641
2 9       0.0127003357
2 11        0.024759524
2 388       0.0354147546
2 6       0.0292071913
2 14        0.033012052
2 7        0.014218597
2 15       0.0344257972
2 1       0.0183825477
2 0       0.0500575365
3 420       0.0719464359
3 411       0.0687426423
3 387       0.0697820592
3 406       0.0616492712
3 391       0.0578557342
3 394       0.0682219559
3 369       0.0693394533
3 5       0.0393333556
3 10        0.032234768
3 388       0.0518709074
3 9       0.0290844004
3 0        0.051392289
3 381       0.0654021959
3 15       0.0486382987
3 404       0.0631150223
3 4       0.0249457094
3 12       0.0258611515
3 13       0.0265516804
3 409        0.042742197
3 410       0.0481321996
3 8       0.0198632696
3 2       0.0166701117
3 374       0.0446943584
3 11         0.03824493
3 6       0.0339595469
3 7       0.0260648335
3 14       0.0210286862
3 375       0.0431752199
3 1       0.0175095409
3 408       0.0532829437
4 428       0.0609966005
4 420       0.0489430079
4 388       0.0581935172
4 7       0.0460199979
4 394        0.048728508
4 391       0.0511670257
4 414       0.0580647908
4 9       0.0432750011
4 1       0.0420660144
4 411       0.0469478198
4 15       0.0478545921
4 424       0.0492732108
4 374       0.0415799004
4 381       0.0544190378
4 6       0.0578965519
4 409       0.0243018814
4 410       0.0248779602
4 10       0.0410178582
4 2       0.0321447205
4 11        0.038411661
4 5       0.0198767791
4 12       0.0270864992
4 3       0.0249457094
4 408        0.039448566
4 13       0.0106647365
4 8       0.0180674946
4 14      0.00979854119
4 406       0.0368250764
4 375       0.0349446012
4 404       0.0444962545
5 392       0.0569712974
5 1       0.0537794839
5 427       0.0552767021
5 7       0.0520396432
5 411       0.0520988631
5 375       0.0527417085
5 404       0.0543848361
5 9       0.0450673219
5 10       0.0391543829
5 2       0.0382329466
5 420       0.0513872919
5 3       0.0393333556
5 402       0.0454006039
5 428       0.0478555322
5 408       0.0540270471
5 409       0.0377960288
5 394       0.0294289772
5 410       0.0312018137
5 4       0.0198767791
5 11       0.0303794673
5 15       0.0367740523
5 12       0.0252474993
5 424       0.0359284959
5 391       0.0353497347
5 13       0.0128155428
5 8       0.0378983036
5 14       0.0296709217
5 406       0.0336653391
5 395       0.0494026154
5 388       0.0509916452
6 401        0.090575931
6 402       0.0902699574
6 398       0.0889644189
6 374       0.0727941837
6 409       0.0765235276
6 390       0.0836251629
6 408       0.0856170306
6 5       0.0673030013
6 391        0.070287199
6 375       0.0740915308
6 4       0.0578965519
6 13       0.0559505695
6 386       0.0610262202
6 400       0.0794891351
6 410       0.0819620072
6 12       0.0441328453
6 3       0.0339595469
6 15       0.0569538405
6 7       0.0171417486
6 9       0.0281366845
6 0       0.0212577744
6 14       0.0549857445
6 1       0.0166289429
6 10       0.0369258776
6 8       0.0526964816
6 387       0.0596673045
6 2       0.0292071913
6 388       0.0496017005
6 11       0.0498609404
6 397       0.0761128015
7 398       0.0791481349
7 410       0.0708627989
7 401       0.0760995061
7 409       0.0676427905
7 374        0.070171405
7 402       0.0732277742
7 394       0.0760921336
7 12       0.0276978913
7 15       0.0401524864
7 390       0.0680331443
7 386        0.054809034
7 400       0.0668962255
7 5       0.0520396432
7 14       0.0456603497
7 375       0.0692191785
7 9       0.0112444133
7 10        0.019913091
7 3       0.0260648335
7 6       0.0171417486
7 391       0.0532751709
7 4       0.0460199979
7 387       0.0486751118
7 2        0.014218597
7 388        0.034891842
7 8       0.0458801574
7 1       0.0155396225
7 11       0.0327254792
7 13       0.0418104746
7 0       0.0383689565
7 397       0.0667320279
8 424       0.0651868168
8 380       0.0629651553
8 15       0.0608332493
8 6       0.0526964816
8 420       0.0550538858
8 377       0.0549852628
8 414        0.058483504
8 406       0.0485808118
8 411       0.0509219311
8 9       0.0475488006
8 11       0.0505170352
8 10       0.0486202545
8 7       0.0458801574
8 381       0.0457965774
8 412       0.0570276855
8 12       0.0376674937
8 409       0.0243559973
8 410       0.0327158599
8 375       0.0236840801
8 13       0.0270143549
8 404       0.0439164691
8 1       0.0360990012
8 408       0.0334323292
8 14      0.00830993332
8 2       0.0348603601
8 4       0.0180674946
8 5       0.0378983036
8 374       0.0270224299
8 3       0.0198632696
8 369       0.0541627888
9 398       0.0715577858
9 392       0.0711245729
9 375       0.0712265383
9 401        0.065657093
9 409       0.0666897076
9 394       0.0667234829
9 410       0.0679001983
9 400       0.0576630426
9 3       0.0290844004
9 5       0.0450673219
9 386       0.0503917396
9 402       0.0621354097
9 390       0.0570751683
9 14       0.0453279216
9 397       0.0596723324
9 388       0.0248212976
9 12       0.0198237544
9 10      0.00880695052
9 7       0.0112444133
9 391       0.0421505155
9 13       0.0367504589
9 2       0.0127003357
9 11       0.0219581432
9 6       0.0281366845
9 1        0.024765537
9 8       0.0475488006
9 387       0.0410049967
9 15       0.0289165981
9 4       0.0432750011
9 0       0.0491816013
10 398       0.0682089325
10 392       0.0624591336
10 78       0.0680436335
10 401       0.0588719337
10 394       0.0586897809
10 410       0.0647737482
10 409       0.0651791726
10 400        0.052625798
10 3        0.032234768
10 14       0.0449329899
10 4       0.0410178582
10 402       0.0533456624
10 386       0.0505772117
10 387       0.0382873858
10 0       0.0579883178
10 388         0.01964614
10 12       0.0146224383
10 9      0.00880695052
10 391       0.0333727327
10 6       0.0369258776
10 2        0.015935672
10 5       0.0391543829
10 13       0.0328377962
10 11       0.0132601437
10 390       0.0494503471
10 8       0.0486202545
10 1       0.0320089064
10 7        0.019913091
10 15       0.0203383648
10 397       0.0570756196
11 424       0.0625729869
11 401       0.0521706096
11 409       0.0624357927
11 8       0.0505170352
11 392       0.0504767321
11 410       0.0595253322
11 78       0.0605968084
11 400       0.0498146549
11 3         0.03824493
11 394       0.0459545924
11 4        0.038411661
11 402        0.040722083
11 386       0.0560779984
11 1       0.0428480114
11 393       0.0605684048
11 388        0.020762993
11 12       0.0129600915
11 10       0.0132601437
11 9       0.0219581432
11 391       0.0210387067
11 14       0.0449076356
11 2        0.024759524
11 5       0.0303794673
11 13       0.0283137129
11 390       0.0409848837
11 6       0.0498609404
11 387       0.0404815347
11 7       0.0327254792
11 15       0.0104927499
11 397       0.0582937949
12 401       0.0651241776
12 400       0.0623050036
12 386       0.0647004236
12 406       0.0575753577
12 392       0.0610520914
12 424       0.0607357058
12 374       0.0646414429
12 4       0.0270864992
12 3       0.0258611515
12 409        0.051388344
12 14       0.0324722287
12 402       0.0504202191
12 1       0.0336134336
12 390       0.0537754528
12 375       0.0599679583
12 5       0.0252474993
12 13       0.0182662019
12 10       0.0146224383
12 391       0.0320329907
12 410       0.0502560917
12 2       0.0154506703
12 9       0.0198237544
12 11       0.0129600915
12 6       0.0441328453
12 388       0.0312047286
12 7       0.0276978913
12 394       0.0485842537
12 387       0.0509564393
12 15       0.0234298694
12 8       0.0376674937
13 395       0.0621865949
13 420       0.0552283494
13 428       0.0594736621
13 7       0.0418104746
13 411        0.054316653
13 6       0.0559505695
13 404       0.0535706794
13 9       0.0367504589
13 1       0.0415925073
13 394       0.0420769905
13 15       0.0373933395
13 424       0.0474864254
13 402       0.0544956403
13 408       0.0497760418
13 374       0.0520213393
13 409       0.0341442171
13 4       0.0106647365
13 410       0.0319982612
13 10       0.0328377962
13 2       0.0276094757
13 11       0.0283137129
13 5       0.0128155428
13 12       0.0182662019
13 3       0.0265516804
13 391       0.0405698895
13 8       0.0270143549
13 14       0.0193660882
13 406       0.0401901122
13 375       0.0456005074
13 388       0.0486138308
14 377       0.0597253459
14 391       0.0597040162
14 412       0.0575979877
14 394       0.0584353341
14 420       0.0509926937
14 7       0.0456603497
14 424       0.0574511746
14 409       0.0219979981
14 406       0.0421948278
14 411       0.0477180915
14 381       0.0485845723
14 408         0.03460887
14 9       0.0453279216
14 15       0.0549378737
14 414       0.0569860751
14 3       0.0210286862
14 4      0.00979854119
14 410       0.0274350168
14 375       0.0275068015
14 404       0.0426497771
14 8      0.00830993332
14 11       0.0449076356
14 5       0.0296709217
14 13       0.0193660882
14 12       0.0324722287
14 1       0.0384701551
14 10       0.0449329899
14 2        0.033012052
14 374       0.0329218685
14 6       0.0549857445
15 77       0.0618631087
15 14       0.0549378737
15 8       0.0608332493
15 3       0.0486382987
15 78       0.0501103344
15 6       0.0569538405
15 398       0.0590758265
15 400       0.0403168699
15 401       0.0416966975
15 394       0.0455120917
15 4       0.0478545921
15 386       0.0513236426
15 397       0.0505896044
15 1       0.0519636444
15 65       0.0562454891
15 388       0.0163361542
15 12       0.0234298694
15 9       0.0289165981
15 10       0.0203383648
15 2       0.0344257972
15 391        0.013864426
15 392       0.0422206279
15 5       0.0367740523
15 13       0.0373933395
15 402       0.0336928702
15 390       0.0305578964
15 11       0.0104927499
15 387       0.0340827724
15 7       0.0401524864
15 393       0.0536676025
16 405        0.101231163
16 23       0.0966406074
16 377       0.0999429509
16 373       0.0826731732
16 378       0.0900867784
16 27       0.0937228609
16 380       0.0988430989
16 30         0.06124951
16 17       0.0733619823
16 376       0.0816451303
16 26       0.0872912113
16 372       0.0901818889
16 33       0.0902234677
16 382       0.0830348308
16 371       0.0977501657
16 21       0.0361130911
16 368       0.0531905141
16 383       0.0561697266
16 24       0.0759332236
16 379       0.0751976178
16 384       0.0679893107
16 20       0.0235883487
16 19       0.0573249348
16 39        0.086606877
16 18       0.0254576071
16 25       0.0750654052
16 385       0.0728287236
16 370       0.0477952422
16 22       0.0502402425
16 417       0.0947244844
17 37       0.0805476859
17 49       0.0795405418
17 55       0.0800445955
17 53        0.073964351
17 54       0.0736251231
17 41       0.0772358125
17 26       0.0756606783
17 45       0.0603200253
17 36       0.0691533016
17 16       0.0733619823
17 370       0.0718331031
17 19       0.0534714194
17 38       0.0643276736
17 46       0.0629281291
17 27       0.0702723591
17 31       0.0442713773
17 34       0.0408703537
17 24       0.0370465101
17 22       0.0231221703
17 23       0.0233119853
17 33       0.0557642102
17 30       0.0298069922
17 21       0.0556984679
17 20       0.0498288548
17 39       0.0426255312
17 35       0.0503114479
17 47       0.0591788323
17 29       0.0511460796
17 32       0.0392585575
17 25        0.065838906
18 33       0.0841783023
18 413       0.0840798195
18 17       0.0841638282
18 369       0.0779992528
18 380        0.073435933
18 405        0.078755685
18 27       0.0833116348
18 24       0.0747742976
18 25       0.0634192103
18 382       0.0587837236
18 20       0.0384415935
18 376       0.0562459565
18 371       0.0728365368
18 30       0.0633741719
18 417        0.076196661
18 377       0.0747360343
18 21       0.0316803758
18 373       0.0578397251
18 16       0.0254576071
18 385       0.0545618746
18 368       0.0277333866
18 383       0.0333904317
18 370       0.0315796075
18 19       0.0497759882
18 379       0.0503442492
18 372       0.0669278563
18 22       0.0624445741
18 384       0.0459897863
18 378       0.0646291716
18 26        0.073967675
19 208       0.0594119035
19 382       0.0589869356
19 379        0.058169042
19 419       0.0555310836
19 372       0.0587434155
19 37       0.0550978377
19 35       0.0556892108
19 22       0.0429162968
19 17       0.0534714194
19 28       0.0503182344
19 34       0.0580828792
19 18       0.0497759882
19 36       0.0452559784
19 27       0.0364507428
19 368       0.0556369515
19 385       0.0304634757
19 30       0.0238278307
19 21       0.0212305047
19 24       0.0274971728
19 20       0.0432150231
19 39       0.0358456854
19 16       0.0573249348
19 417       0.0470521886
19 384       0.0398166798
19 383       0.0389338189
19 370       0.0227323665
19 33       0.0344629899
19 25       0.0191623665
19 26       0.0319804464
19 38       0.0555222321
20 31       0.0930766201
20 372       0.0902594373
20 376        0.091148789
20 382       0.0856622614
20 27       0.0786976759
20 32       0.0870919622
20 38       0.0907711806
20 385       0.0670123289
20 17       0.0498288548
20 24        0.055563402
20 23       0.0730792225
20 39       0.0662691182
20 379       0.0799620555
20 36       0.0853518166
20 417       0.0875840282
20 368       0.0629873081
20 30       0.0399536068
20 22       0.0267283922
20 21       0.0252855704
20 16       0.0235883487
20 33       0.0721517916
20 25       0.0623497698
20 383       0.0582886642
20 19       0.0432150231
20 26       0.0751601331
20 384       0.0675281046
20 18       0.0384415935
20 34        0.080181772
20 370       0.0437894546
20 35       0.0840448294
21 38        0.075529188
21 28       0.0704096813
21 405       0.0743531495
21 382       0.0624074832
21 372       0.0658559591
21 376       0.0722255728
21 35       0.0731622007
21 368       0.0465404437
21 17       0.0556984679
21 24       0.0433283512
21 27       0.0576112932
21 36        0.066386898
21 379       0.0581155455
21 417       0.0624434364
21 34       0.0729747069
21 385       0.0417286355
21 30         0.03184697
21 22       0.0371505442
21 16       0.0361130911
21 20       0.0252855704
21 25       0.0392387244
21 33       0.0548972021
21 383       0.0361364017
21 39       0.0534376322
21 19       0.0212305047
21 384        0.043448621
21 18       0.0316803758
21 26        0.051764681
21 370       0.0194760376
21 419       0.0717889098
22 37       0.0853412024
22 38       0.0742605903
22 45       0.0834198796
22 385       0.0728659516
22 26       0.0719514241
22 47       0.0805820083
22 368       0.0830379807
22 35       0.0639041454
22 18       0.0624445741
22 16       0.0502402425
22 31       0.0665812638
22 383       0.0730792438
22 36       0.0736713759
22 27       0.0707452622
22 46       0.0807285327
22 32       0.0612474655
22 34        0.057534934
22 24       0.0400501377
22 30       0.0251967533
22 23       0.0464157156
22 370       0.0556997931
22 25        0.059973412
22 21       0.0371505442
22 29       0.0714324896
22 39       0.0495645506
22 20       0.0267283922
22 33       0.0595529612
22 19       0.0429162968
22 17       0.0231221703
22 384       0.0788923773
23 25        0.077473217
23 255       0.0721369375
23 44       0.0771666171
23 36       0.0709415604
23 19       0.0696819556
23 50       0.0735583175
23 21       0.0764653847
23 45        0.037008458
23 33       0.0600424816
23 38       0.0605964131
23 46       0.0484631444
23 20       0.0730792225
23 53       0.0658579563
23 54       0.0594394292
23 27       0.0759607406
23 17       0.0233119853
23 34       0.0318464961
23 24       0.0460997425
23 22       0.0464157156
23 35        0.043946187
23 47       0.0387835658
23 30       0.0464876306
23 49       0.0564493716
23 39       0.0462905218
23 55       0.0594032604
23 41       0.0550793798
23 32       0.0189342715
23 29       0.0356410892
23 31       0.0242801839
23 250       0.0729315039
24 208        0.064327898
24 417       0.0609694183
24 255       0.0636000585
24 222       0.0568254074
24 385       0.0522590694
24 20        0.055563402
24 211       0.0623746226
24 22       0.0400501377
24 28       0.0518037451
24 53       0.0491189686
24 23       0.0460997425
24 370       0.0502177567
24 46       0.0510501889
24 38       0.0353536156
24 47       0.0605747645
24 34       0.0306329372
24 25       0.0313807618
24 26       0.0392846215
24 17       0.0370465101
24 37       0.0455490311
24 30       0.0159464121
24 36       0.0338531948
24 39       0.0107301452
24 21       0.0433283512
24 33       0.0197670839
24 19       0.0274971728
24 35       0.0298827831
24 27       0.0332693567
24 32       0.0478091321
24 54       0.0586368426
25 435       0.0543000191
25 209       0.0531223929
25 222       0.0534547743
25 210       0.0506531772
25 383       0.0421968197
25 405       0.0512981893
25 382       0.0532115782
25 38       0.0457641683
25 372       0.0494558916
25 384       0.0370069971
25 37       0.0389993646
25 416       0.0504937979
25 211        0.050281166
25 30       0.0368779669
25 418       0.0527548073
25 39       0.0344232494
25 385       0.0220806831
25 208       0.0403553865
25 28       0.0312763192
25 26        0.012818229
25 417       0.0306287016
25 419       0.0379506419
25 27        0.019934482
25 36       0.0313240027
25 370       0.0321862083
25 21       0.0392387244
25 24       0.0313807618
25 19       0.0191623665
25 33       0.0257322556
25 35       0.0516280582
26 436       0.0523298063
26 30       0.0479215293
26 21        0.051764681
26 222       0.0443842337
26 372       0.0468087375
26 38       0.0428523854
26 383       0.0487215082
26 209       0.0403978167
26 418        0.042414915
26 435       0.0425872599
26 384       0.0405084975
26 370       0.0423880989
26 416       0.0419697364
26 39       0.0390211068
26 213       0.0487212492
26 37       0.0302258959
26 24       0.0392846215
26 211       0.0387469852
26 208       0.0277048081
26 28       0.0186581311
26 33       0.0267670674
26 385       0.0246244742
26 417       0.0223102912
26 27       0.0134990588
26 36       0.0259496964
26 419       0.0274546988
26 19       0.0319804464
26 25        0.012818229
26 210       0.0379462817
26 405       0.0454314467
27 216       0.0532382616
27 370         0.05211557
27 416       0.0525386939
27 34       0.0498123294
27 435       0.0486484227
27 30       0.0456159882
27 418       0.0509764599
27 209       0.0424821805
27 222        0.033543337
27 385        0.037684991
27 223       0.0444534649
27 417       0.0340449392
27 419       0.0366984831
27 210       0.0363236364
27 229       0.0486543515
27 37       0.0191058308
27 19       0.0364507428
27 211       0.0322007455
27 208        0.031398207
27 28       0.0185707064
27 33       0.0159677569
27 53       0.0424923464
27 26       0.0134990588
27 36       0.0125192277
27 38       0.0293912375
27 24       0.0332693567
27 39       0.0296849236
27 25        0.019934482
27 35       0.0402831685
27 213       0.0464125055
28 19       0.0503182344
28 405       0.0469325745
28 214       0.0499853592
28 38        0.041097349
28 416       0.0389325778
28 430       0.0462799444
28 229       0.0488207503
28 212       0.0403562053
28 418       0.0349562052
28 222       0.0316554861
28 33        0.034044212
28 223       0.0354638403
28 436       0.0382205846
28 39       0.0479128252
28 215       0.0423235144
28 209       0.0239532398
28 213       0.0301300921
28 211       0.0215327863
28 208       0.0131890099
28 37       0.0205708807
28 26       0.0186581311
28 210       0.0193968831
28 27       0.0185707064
28 417       0.0249105439
28 435       0.0308525966
28 419        0.022761559
28 25       0.0312763192
28 385       0.0392772073
28 36       0.0245543657
28 216       0.0389772569
29 53       0.0959518636
29 38       0.0937052501
29 33       0.0955128691
29 39       0.0818514834
29 54       0.0840009943
29 30        0.079723099
29 253       0.0925712487
29 42       0.0596126354
29 48       0.0805817948
29 51       0.0825524658
29 46       0.0741422529
29 22       0.0714324896
29 55       0.0712050693
29 56       0.0834483764
29 250       0.0878690417
29 23       0.0356410892
29 45       0.0367259297
29 32        0.044408556
29 34       0.0646807543
29 35       0.0768257043
29 24       0.0815338204
29 47       0.0560299276
29 41       0.0357401181
29 49       0.0558079419
29 50        0.067175795
29 31       0.0146421238
29 17       0.0511460796
29 40        0.068624765
29 44       0.0418531133
29 252       0.0839311005
30 31       0.0705256362
30 417       0.0674573209
30 47       0.0701874945
30 18       0.0633741719
30 28       0.0634361776
30 46       0.0642381579
30 53       0.0648405867
30 32       0.0540843334
30 26       0.0479215293
30 16         0.06124951
30 35       0.0442432552
30 37       0.0603230752
30 36       0.0487057468
30 27       0.0456159882
30 384       0.0635813515
30 385       0.0537686682
30 34       0.0418590321
30 22       0.0251967533
30 24       0.0159464121
30 23       0.0464876306
30 370       0.0440533073
30 25       0.0368779669
30 21         0.03184697
30 38       0.0512816211
30 39       0.0264799024
30 20       0.0399536068
30 33       0.0346531631
30 19       0.0238278307
30 17       0.0298069922
30 383        0.061491789
31 255       0.0835273046
31 40       0.0796391518
31 33       0.0826679453
31 252        0.073511048
31 38       0.0795549649
31 53       0.0813703116
31 253       0.0817806796
31 39       0.0692733752
31 42       0.0617212299
31 250       0.0746293952
31 46       0.0595151589
31 22       0.0665812638
31 30       0.0705256362
31 54       0.0694518893
31 51       0.0802855245
31 23       0.0242801839
31 45       0.0252379786
31 32       0.0299105895
31 34       0.0507047658
31 35       0.0627259675
31 47       0.0418461299
31 41        0.033685363
31 49       0.0458840297
31 50       0.0598945869
31 55       0.0583195147
31 29       0.0146421238
31 44       0.0558126672
31 17       0.0442713773
31 24       0.0701455382
31 56       0.0763584023
32 27       0.0714798033
32 36       0.0637157686
32 259       0.0704484344
32 22       0.0612474655
32 252       0.0631620994
32 255       0.0552186337
32 253       0.0694709638
32 53       0.0515838217
32 33       0.0558443737
32 30       0.0540843334
32 50       0.0600803463
32 29        0.044408556
32 39       0.0436592887
32 250       0.0540154609
32 256       0.0680700257
32 34       0.0218428734
32 54       0.0417550402
32 24       0.0478091321
32 35       0.0333059763
32 38       0.0499399607
32 23       0.0189342715
32 47       0.0201350842
32 41       0.0501637438
32 46       0.0310440482
32 31       0.0299105895
32 45       0.0268454369
32 49       0.0421605419
32 17       0.0392585575
32 55       0.0409824487
32 257       0.0612670427
33 32       0.0558443737
33 17       0.0557642102
33 370       0.0550113384
33 54       0.0512516723
33 210       0.0500358747
33 419       0.0524574292
33 21       0.0548972021
33 229       0.0487801789
33 208       0.0471269576
33 34       0.0344401693
33 26       0.0267670674
33 417       0.0488816191
33 385       0.0474480852
33 53       0.0360470012
33 223       0.0522606512
33 37       0.0258162083
33 24       0.0197670839
33 211       0.0426208806
33 39        0.013870726
33 28        0.034044212
33 35       0.0263030067
33 38       0.0211796063
33 30       0.0346531631
33 46       0.0470307709
33 27       0.0159677569
33 222       0.0377976688
33 36       0.0141257552
33 25       0.0257322556
33 19       0.0344629899
33 255       0.0519129084
34 26       0.0611770165
34 22        0.057534934
34 19       0.0580828792
34 222       0.0548082025
34 37       0.0506079888
34 49       0.0578550776
34 25       0.0579186785
34 53       0.0344329714
34 30       0.0418590321
34 45       0.0471468533
34 33       0.0344401693
34 27       0.0498123294
34 250       0.0548036086
34 229       0.0550913534
34 256       0.0563281857
34 54       0.0332662091
34 35       0.0122344447
34 24       0.0306329372
34 38       0.0291060308
34 36       0.0418993483
34 47       0.0300688127
34 23       0.0318464961
34 55       0.0476626467
34 46       0.0232303501
34 17       0.0408703537
34 39       0.0235869277
34 255       0.0432760454
34 31       0.0507047658
34 32       0.0218428734
34 257       0.0539821052
35 223       0.0588417823
35 211       0.0549069027
35 45       0.0568860201
35 222       0.0425928642
35 25       0.0516280582
35 28       0.0554495664
35 19       0.0556892108
35 32       0.0333059763
35 54       0.0287668719
35 37       0.0387404949
35 229       0.0438696969
35 250       0.0536382753
35 17       0.0503114479
35 26       0.0526840823
35 257       0.0481563181
35 39       0.0199190233
35 53       0.0236530472
35 34       0.0122344447
35 46       0.0217247895
35 38       0.0168900237
35 36       0.0308975101
35 33       0.0263030067
35 27       0.0402831685
35 30       0.0442432552
35 255       0.0352953193
35 47       0.0365426412
35 24       0.0298827831
35 55       0.0503151314
35 23        0.043946187
35 256       0.0477677296
36 216       0.0502787131
36 54       0.0488698445
36 385       0.0501872316
36 46       0.0477367208
36 255       0.0456647315
36 419       0.0461737823
36 30       0.0487057468
36 209       0.0462676801
36 208       0.0375465549
36 53       0.0299846922
36 223       0.0381835558
36 417       0.0451752264
36 229       0.0374582457
36 210       0.0374338075
36 231       0.0472354279
36 19       0.0452559784
36 34       0.0418993483
36 211       0.0287086812
36 222       0.0243094728
36 28       0.0245543657
36 37       0.0116966113
36 33       0.0141257552
36 26       0.0259496964
36 25       0.0313240027
36 27       0.0125192277
36 24       0.0338531948
36 35       0.0308975101
36 39       0.0265472336
36 38       0.0174655937
36 213       0.0459158691
37 212       0.0499409175
37 24       0.0455490311
37 435       0.0488502205
37 224       0.0443797843
37 255       0.0439000439
37 417        0.044813583
37 256       0.0481832048
37 25       0.0389993646
37 39       0.0379347431
37 28       0.0205708807
37 213       0.0351225763
37 216       0.0387055517
37 419       0.0433168653
37 35       0.0387404949
37 233       0.0477181051
37 209       0.0379463597
37 53       0.0299949839
37 211       0.0172898814
37 208       0.0317660869
37 222       0.0144587014
37 26       0.0302258959
37 33       0.0258162083
37 27       0.0191058308
37 36       0.0116966113
37 229       0.0303873514
37 231       0.0371426655
37 223       0.0266538532
37 38       0.0224943191
37 210       0.0277722087
37 215       0.0457502709
38 19       0.0555222321
38 208       0.0535279458
38 234       0.0544326743
38 210       0.0500973927
38 32       0.0499399607
38 30       0.0512816211
38 233       0.0496686573
38 256       0.0404472615
38 54       0.0316764683
38 26       0.0428523854
38 47       0.0498810554
38 255       0.0307454974
38 223       0.0422510775
38 211       0.0380876776
38 257       0.0458209818
38 27       0.0293912375
38 53       0.0148769087
38 229       0.0305682635
38 46       0.0303706743
38 28        0.041097349
38 25       0.0457641683
38 222        0.025958156
38 34       0.0291060308
38 37       0.0224943191
38 24       0.0353536156
38 36       0.0174655937
38 35       0.0168900237
38 33       0.0211796063
38 39       0.0248989484
38 231       0.0451599766
39 417       0.0613279625
39 211       0.0551760975
39 208       0.0609768071
39 54       0.0484382845
39 47       0.0534584839
39 370       0.0583733721
39 385       0.0564114348
39 53       0.0384091404
39 222       0.0477917288
39 37       0.0379347431
39 22       0.0495645506
39 255       0.0528987281
39 17       0.0426255312
39 28       0.0479128252
39 229       0.0553956384
39 30       0.0264799024
39 34       0.0235869277
39 35       0.0199190233
39 24       0.0107301452
39 38       0.0248989484
39 36       0.0265472336
39 23       0.0462905218
39 33        0.013870726
39 27       0.0296849236
39 46       0.0415497566
39 25       0.0344232494
39 32       0.0436592887
39 26       0.0390211068
39 19       0.0358456854
39 21       0.0534376322
40 253        0.120434912
40 17        0.119378677
40 270        0.120203067
40 265        0.113935794
40 55        0.114193013
40 252        0.111973198
40 288        0.117346786
40 45       0.0854874159
40 47        0.109468858
40 49       0.0909704516
40 58        0.106311458
40 32        0.107011241
40 56       0.0967643374
40 23        0.103551698
40 285        0.106562363
40 43       0.0608709726
40 48       0.0394533804
40 42       0.0482954412
40 52       0.0624972683
40 41       0.0624664407
40 50       0.0875758301
40 59       0.0683794693
40 61       0.0985113095
40 29        0.068624765
40 44       0.0352602915
40 60       0.0861545097
40 57       0.0876218837
40 31       0.0796391518
40 51       0.0752803061
40 269        0.106473758
41 258       0.0826762426
41 54       0.0756200248
41 35        0.081362502
41 40       0.0624664407
41 34       0.0713177305
41 57       0.0762296321
41 269       0.0799004269
41 50       0.0340859396
41 48       0.0555448346
41 52        0.068895807
41 46       0.0690347748
41 58       0.0693627631
41 44       0.0548345894
41 253       0.0644693248
41 17       0.0772358125
41 49       0.0297850283
41 45       0.0245092656
41 55        0.052210064
41 42       0.0293454694
41 265       0.0671596744
41 56       0.0494091343
41 23       0.0550793798
41 250       0.0686023121
41 51        0.047153871
41 32       0.0501637438
41 29       0.0357401181
41 47       0.0476980351
41 31        0.033685363
41 252       0.0554731137
41 259       0.0724380825
42 250       0.0859318345
42 32       0.0791106971
42 23       0.0842318081
42 43       0.0755637796
42 253       0.0729865121
42 285       0.0762167371
42 259       0.0830847123
42 269       0.0638859266
42 47       0.0735951917
42 49       0.0487525973
42 55       0.0718574608
42 265       0.0657248366
42 60       0.0678338275
42 252       0.0649166749
42 268       0.0799614628
42 40       0.0482954412
42 45       0.0526044043
42 48       0.0271223276
42 52       0.0400562943
42 41       0.0293454694
42 50        0.040620661
42 59       0.0686540513
42 58        0.059752388
42 29       0.0596126354
42 56       0.0484743984
42 44       0.0588024129
42 57       0.0525954213
42 31       0.0617212299
42 51       0.0296036456
42 270        0.079396571
43 301        0.120046749
43 300        0.119590906
43 278        0.119650208
43 298        0.106192869
43 296        0.118197877
43 299        0.107736721
43 303        0.117188416
43 289       0.0945804784
43 297       0.0950522908
43 41        0.103361061
43 58        0.108323889
43 288       0.0833136165
43 44       0.0960399606
43 295        0.108392035
43 56        0.111970758
43 287        0.075274939
43 42       0.0755637796
43 48       0.0484510403
43 52       0.0491603288
43 286       0.0968789837
43 59       0.0206366578
43 269       0.0984159709
43 285       0.0785641503
43 61       0.0446285777
43 60       0.0504309726
43 40       0.0608709726
43 57       0.0732505178
43 270        0.105461179
43 51       0.0838678308
43 50        0.111697481
44 265        0.119612122
44 35        0.118516385
44 253        0.119272678
44 60        0.115338633
44 46        0.113904724
44 30        0.118659586
44 58        0.117382457
44 23       0.0771666171
44 34         0.10643423
44 43       0.0960399606
44 59        0.101882329
44 22         0.10540102
44 55        0.104776705
44 56        0.101475749
44 252        0.110282176
44 42       0.0588024129
44 45       0.0709826338
44 32       0.0856394768
44 48       0.0654321815
44 41       0.0548345894
44 52       0.0886282918
44 47        0.093997433
44 51       0.0882944001
44 49       0.0840648428
44 50       0.0878778273
44 29       0.0418531133
44 17       0.0889534647
44 40       0.0352602915
44 31       0.0558126672
44 57        0.109230714
45 24       0.0746545599
45 53        0.069331423
45 38       0.0721011855
45 255       0.0670596416
45 253       0.0565608493
45 44       0.0709826338
45 258       0.0686124005
45 50       0.0368181147
45 51        0.062550287
45 56       0.0529427397
45 250       0.0516641579
45 17       0.0603200253
45 39       0.0701174295
45 34       0.0471468533
45 265       0.0676415518
45 49       0.0209551494
45 55       0.0347818032
45 42       0.0526044043
45 54       0.0528984794
45 31       0.0252379786
45 41       0.0245092656
45 252       0.0482769451
45 29       0.0367259297
45 35       0.0568860201
45 23        0.037008458
45 257       0.0670617399
45 32       0.0268454369
45 47       0.0240375509
45 46       0.0452473084
45 259       0.0614834162
46 261       0.0584595312
46 37       0.0518075995
46 233       0.0558798069
46 45       0.0452473084
46 36       0.0477367208
46 252       0.0531517027
46 253       0.0557656073
46 229       0.0426608683
46 38       0.0303706743
46 33       0.0470307709
46 39       0.0415497566
46 234        0.051748051
46 222       0.0495494005
46 24       0.0510501889
46 259       0.0521234044
46 32       0.0310440482
46 53       0.0241981977
46 54       0.0110026256
46 34       0.0232303501
46 49       0.0468864474
46 255       0.0242030242
46 35       0.0217247895
46 250       0.0322543477
46 47       0.0213453624
46 256       0.0370343125
46 258       0.0491874876
46 257       0.0316069949
46 23       0.0484631444
46 55       0.0292303657
46 260       0.0451832795
47 229       0.0635418962
47 24       0.0605747645
47 33       0.0626911735
47 39       0.0534584839
47 56       0.0582610463
47 17       0.0591788323
47 260       0.0562944993
47 53       0.0455352612
47 34       0.0300688127
47 258       0.0530700717
47 41       0.0476980351
47 29       0.0560299276
47 253       0.0496486878
47 250       0.0344602445
47 256       0.0548103169
47 35       0.0365426412
47 32       0.0201350842
47 46       0.0213453624
47 54       0.0290345284
47 38       0.0498810554
47 49       0.0281388605
47 255        0.043281158
47 257       0.0451828468
47 252       0.0439064907
47 31       0.0418461299
47 45       0.0240375509
47 50       0.0455743723
47 55       0.0208786069
47 23       0.0387835658
47 259       0.0503136447
48 253       0.0951537608
48 287        0.088386803
48 297       0.0948847822
48 286       0.0838613236
48 288       0.0788188617
48 265        0.082942595
48 268       0.0944651961
48 45       0.0794822214
48 40       0.0394533804
48 49       0.0753559824
48 269       0.0685956676
48 29       0.0805817948
48 56       0.0681758539
48 252       0.0879742725
48 278       0.0935481354
48 43       0.0484510403
48 285       0.0674390937
48 42       0.0271223276
48 52       0.0235670999
48 41       0.0555448346
48 50       0.0647747251
48 59       0.0428976726
48 61       0.0698609818
48 58       0.0715550232
48 44       0.0654321815
48 60       0.0499835894
48 57       0.0482678601
48 31       0.0856920197
48 51       0.0416963429
48 270       0.0814127258
49 261       0.0669379165
49 255       0.0631691852
49 35       0.0646111258
49 29       0.0558079419
49 262       0.0600687648
49 257       0.0584627531
49 260        0.064470899
49 258       0.0529828587
49 54       0.0505170177
49 56       0.0328937777
49 23       0.0564493716
49 253       0.0368625824
49 58       0.0562449852
49 34       0.0578550776
49 268       0.0626482373
49 259       0.0434604668
49 31       0.0458840297
49 45       0.0209551494
49 46       0.0468864474
49 41       0.0297850283
49 51         0.04833829
49 250       0.0390813816
49 252       0.0281300819
49 50        0.017988907
49 265        0.046728933
49 32       0.0421605419
49 47       0.0281388605
49 42       0.0487525973
49 55       0.0234328674
49 266       0.0567496451
50 257       0.0675538285
50 29        0.067175795
50 254       0.0644207272
50 48       0.0647747251
50 52       0.0662713432
50 57       0.0603073308
50 275       0.0594440262
50 46       0.0625643679
50 54       0.0642173095
50 258       0.0550537976
50 250       0.0464887326
50 253       0.0328895607
50 259       0.0426033727
50 266       0.0493648899
50 269       0.0539516877
50 32       0.0600803463
50 31       0.0598945869
50 45       0.0368181147
50 262       0.0576425001
50 49        0.017988907
50 56        0.016468944
50 47       0.0455743723
50 51       0.0316782883
50 252       0.0244290678
50 265       0.0333088183
50 58       0.0392347155
50 41       0.0340859396
50 42        0.040620661
50 55       0.0350788744
50 268       0.0496374394
51 271       0.0754982311
51 295       0.0754922556
51 40       0.0752803061
51 59       0.0699974831
51 253       0.0558952856
51 288       0.0676317954
51 277       0.0697802249
51 266       0.0642275621
51 55       0.0665256318
51 268        0.053094038
51 49         0.04833829
51 275       0.0581025036
51 286       0.0631267719
51 270        0.050505361
51 259       0.0666669436
51 60       0.0563432161
51 42       0.0296036456
51 252       0.0501229392
51 41        0.047153871
51 265       0.0413049293
51 58       0.0310318553
51 269       0.0346209739
51 285       0.0540180851
51 56       0.0281168903
51 45        0.062550287
51 57       0.0302199043
51 48       0.0416963429
51 50       0.0316782883
51 52       0.0358595846
51 278       0.0590060534
52 252       0.0859798318
52 268       0.0827542308
52 271       0.0855923485
52 287       0.0666105848
52 265       0.0745424411
52 298       0.0814910849
52 296        0.084259468
52 56       0.0637828032
52 50       0.0662713432
52 41        0.068895807
52 58       0.0593264151
52 288       0.0552517775
52 49       0.0809658994
52 295       0.0744009353
52 275       0.0841714049
52 286       0.0610455147
52 42       0.0400562943
52 48       0.0235670999
52 43       0.0491603288
52 270       0.0616263883
52 59       0.0341394658
52 269       0.0513098184
52 285       0.0440659363
52 61       0.0534283539
52 60       0.0281097317
52 40       0.0624972683
52 57       0.0275275134
52 297       0.0713428414
52 51       0.0358595846
52 278       0.0749138266
53 224       0.0530417059
