0 133 central_moran FID_1
208 213       0.0247693998
208 209       0.0128350275
208 210       0.0152014061
209 213       0.0157220971
209 208       0.0128350275
209 210       0.0116263058
210 211        0.013995004
210 209       0.0116263058
210 213       0.0107844061
211 222       0.0160033037
211 210        0.013995004
211 223       0.0139311649
212 213       0.0158302831
212 215       0.0140977199
212 214      0.00971517092
213 215       0.0121975594
213 216       0.0112278063
213 210       0.0107844061
214 215       0.0161638431
214 226      0.00915347119
214 212      0.00971517092
215 213       0.0121975594
215 218       0.0112281482
215 216       0.0091841006
216 218       0.0155722472
216 213       0.0112278063
216 215       0.0091841006
217 218       0.0131210701
217 221        0.011152051
217 224      0.00864614518
218 227       0.0114437768
218 215       0.0112281482
218 219      0.00874237781
219 226       0.0133463953
219 218      0.00874237781
219 227      0.00757298422
220 221       0.0119402874
220 227      0.00985360982
220 228      0.00827608263
221 235       0.0136844641
221 220       0.0119402874
221 217        0.011152051
222 229       0.0171704217
222 223       0.0162929339
222 211       0.0160033037
223 231       0.0163653578
223 222       0.0162929339
223 211       0.0139311649
224 231       0.0171962661
224 216       0.0168040734
224 217      0.00864614518
225 478       0.0161395659
225 245       0.0139388123
225 228       0.0113422037
226 212       0.0188504731
226 219       0.0133463953
226 214      0.00915347119
227 218       0.0114437768
227 220      0.00985360982
227 219      0.00757298422
228 240       0.0140506152
228 220      0.00827608263
228 225       0.0113422037
229 233       0.0192870121
229 222       0.0171704217
229 231       0.0168217256
230 244       0.0118809786
230 519      0.00925867053
230 246      0.00863795813
231 223       0.0163653578
231 233       0.0146082486
231 232       0.0137845766
232 231       0.0137845766
232 233       0.0134008976
232 236       0.0106731508
233 231       0.0146082486
233 237       0.0140794332
233 232       0.0134008976
234 237       0.0169017243
234 233       0.0155322248
234 238       0.0126423147
235 236       0.0110306579
235 240       0.0108878035
235 241       0.0105393948
236 241       0.0114313944
236 235       0.0110306579
236 232       0.0106731508
237 238       0.0145968682
237 239       0.0103509763
237 233       0.0140794332
238 243       0.0157374136
238 237       0.0145968682
238 234       0.0126423147
239 243       0.0133144163
239 236       0.0125830992
239 237       0.0103509763
240 221       0.0139061929
240 241       0.0130910715
240 235       0.0108878035
241 236       0.0114313944
241 235       0.0105393948
241 242      0.00560665644
242 249       0.0108493743
242 241      0.00560665644
242 246       0.0098470401
243 238       0.0157374136
243 239       0.0133144163
243 244      0.00954096257
244 239       0.0133222281
244 230       0.0118809786
244 243      0.00954096257
245 624       0.0146096938
245 225       0.0139388123
245 249       0.0109949972
246 249       0.0120109212
246 242       0.0098470401
246 230      0.00863795813
247 519       0.0155376661
247 518       0.0139236096
247 248       0.0136678315
248 520       0.0162390624
248 518       0.0156037682
248 247       0.0136678315
249 246       0.0120109212
249 245       0.0109949972
249 242       0.0108493743
478 225       0.0161395659
478 484       0.0151433592
478 483       0.0117332751
479 494       0.0116322514
479 495       0.0113546971
479 491      0.00756603842
480 497       0.0197183509
480 486        0.015882281
480 481       0.0132228892
481 486       0.0115571155
481 495       0.0108155578
481 497      0.00850768839
482 483       0.0160568666
482 493       0.0126501637
482 492      0.00532069462
483 492       0.0121162325
483 478       0.0117332751
483 493      0.00568340315
484 501       0.0155031332
484 478       0.0151433592
484 489       0.0099454186
485 496       0.0104479196
485 490      0.00964540627
485 494      0.00781087974
486 481       0.0115571155
486 487       0.0104804169
486 497      0.00885794808
487 489       0.0155629991
487 486       0.0104804169
487 497      0.00987820181
488 496       0.0124215074
488 495       0.0116373515
488 498      0.00725342078
489 515       0.0136070608
489 486       0.0116165321
489 484       0.0099454186
490 496       0.0191574254
490 494       0.0170184712
490 485      0.00964540627
491 485       0.0121744154
491 479      0.00756603842
491 494       0.0045843392
492 483       0.0121162325
492 493       0.0104265908
492 482      0.00532069462
493 482       0.0126501637
493 492       0.0104265908
493 483      0.00568340315
494 496      0.00954223486
494 485      0.00781087974
494 491       0.0045843392
495 497       0.0111111369
495 481       0.0108155578
495 496       0.0107345663
496 500       0.0106204841
496 485       0.0104479196
496 494      0.00954223486
497 487      0.00987820181
497 486      0.00885794808
497 481      0.00850768839
498 500       0.0141314405
498 513       0.0109129044
498 488      0.00725342078
499 510       0.0193355214
499 514       0.0179651739
499 509       0.0116901889
500 488       0.0136665991
500 496       0.0106204841
500 512       0.0082342172
501 502       0.0140217481
501 503        0.013380769
501 506       0.0113685811
502 501       0.0140217481
502 533       0.0122124812
502 506      0.00888494763
503 534       0.0124410827
503 505       0.0103124069
503 506       0.0121515151
504 511       0.0142609531
504 515       0.0115797081
504 514      0.00771597722
505 544       0.0121143832
505 503       0.0103124069
505 511      0.00917080314
506 503       0.0121515151
506 501       0.0113685811
506 502      0.00888494763
507 508       0.0178949069
507 500       0.0167870493
507 512       0.0109759485
508 498       0.0144717116
508 510       0.0112966926
508 512      0.00992294959
509 513       0.0123704728
509 499       0.0116901889
509 514      0.00681219505
510 498       0.0184840959
510 513       0.0160365169
510 508       0.0112966926
511 544       0.0128661998
511 545       0.0127033808
511 505      0.00917080314
512 507       0.0109759485
512 500       0.0082342172
512 508      0.00992294959
513 514       0.0130839298
513 509       0.0123704728
513 498       0.0109129044
514 513       0.0130839298
514 504      0.00771597722
514 509      0.00681219505
515 489       0.0136070608
515 503       0.0130673194
515 504       0.0115797081
516 248       0.0165332227
516 517       0.0156395364
516 520       0.0144798407
517 520       0.0227966613
517 516       0.0156395364
517 526       0.0157468429
518 247       0.0139236096
518 530       0.0134586953
518 524      0.00843900122
519 531       0.0144435811
519 230      0.00925867053
519 530      0.00894608206
520 527       0.0156777573
520 516       0.0144798407
520 525         0.01035823
521 522       0.0119776268
521 530      0.00970329891
521 523       0.0078541898
522 521       0.0119776268
522 528      0.00946545187
522 524      0.00934683061
523 562       0.0114866448
523 552       0.0111742568
523 521       0.0078541898
524 521       0.0146900262
524 522      0.00934683061
524 518      0.00843900122
525 528       0.0129959939
525 527       0.0124493525
525 520         0.01035823
526 520       0.0166838435
526 517       0.0157468429
526 527       0.0102145367
527 520       0.0156777573
527 525       0.0124493525
527 526       0.0102145367
528 525       0.0129959939
528 522      0.00946545187
528 529       0.0117834833
529 525       0.0155745156
529 528       0.0117834833
529 553       0.0104894516
530 531       0.0100775038
530 521      0.00970329891
530 519      0.00894608206
531 549       0.0119404064
531 530       0.0100775038
531 532      0.00730458167
532 530       0.0133174384
532 531      0.00730458167
532 549      0.00676186313
533 506       0.0131894018
533 502       0.0122124812
533 543        0.011208512
534 503       0.0124410827
534 536       0.0103099517
534 543      0.00847311743
535 537       0.0123856167
535 541      0.00986532771
535 543      0.00835698787
536 546       0.0124166968
536 534       0.0103099517
536 544       0.0101249224
537 548       0.0121247272
537 542       0.0120752448
537 538      0.00820416281
538 550       0.0138975754
538 546      0.00934691581
538 537      0.00820416281
539 544       0.0140199793
539 547       0.0091813769
539 546      0.00810780165
540 541        0.010754974
540 624       0.0107281429
540 561      0.00911764182
541 561       0.0102271706
541 542       0.0100679071
541 535      0.00986532771
542 551       0.0107922695
542 541       0.0100679071
542 548      0.00758476147
543 533        0.011208512
543 534      0.00847311743
543 535      0.00835698787
544 505       0.0121143832
544 545       0.0100291486
544 536       0.0101249224
545 511       0.0127033808
545 547       0.0102062095
545 544       0.0100291486
546 536       0.0124166968
546 538      0.00934691581
546 539      0.00810780165
547 544           0.014866
547 545       0.0102062095
547 539       0.0091813769
548 551       0.0114518072
548 565      0.00770865189
548 542      0.00758476147
549 531       0.0119404064
549 551        0.010835563
549 532      0.00676186313
550 538       0.0138975754
550 537       0.0134468268
550 566       0.0127352826
551 561       0.0109002474
551 549        0.010835563
551 542       0.0107922695
552 523       0.0111742568
552 554       0.0108880146
552 563      0.00957609444
553 528        0.016310179
553 560      0.00969388552
553 529       0.0104894516
554 552       0.0108880146
554 563       0.0107699212
554 555      0.00963265862
555 559       0.0112092742
555 565      0.00956929099
555 554      0.00963265862
556 557       0.0115674967
556 563      0.00967620217
556 559       0.0095462105
557 563       0.0147532874
557 556       0.0115674967
557 564       0.0111811388
558 550       0.0157177936
558 559       0.0157004229
558 566      0.00775907822
559 555       0.0112092742
559 567      0.00758638002
559 556       0.0095462105
560 557       0.0177294549
560 564       0.0165569126
560 553      0.00969388552
561 551       0.0109002474
561 541       0.0102271706
561 540      0.00911764182
562 522       0.0135045365
562 523       0.0114866448
562 564      0.00932274467
563 554       0.0107699212
563 556      0.00967620217
563 552      0.00957609444
564 563       0.0123731394
564 557       0.0111811388
564 562      0.00932274467
565 555      0.00956929099
565 566      0.00859688778
565 548      0.00770865189
566 555       0.0112389484
566 565      0.00859688778
566 558      0.00775907822
567 557       0.0152588922
567 556       0.0130242573
567 559      0.00758638002
624 249       0.0165444115
624 245       0.0146096938
624 540       0.0107281429
