0 133 central_moran FID_1
208 211       0.0254409416
208 213       0.0247693998
208 209       0.0128350275
208 210       0.0152014061
209 212       0.0175013107
209 213       0.0157220971
209 210       0.0116263058
209 208       0.0128350275
210 208       0.0152014061
210 211        0.013995004
210 213       0.0107844061
210 209       0.0116263058
211 213        0.018334127
211 222       0.0160033037
211 223       0.0139311649
211 210        0.013995004
212 209       0.0175013107
212 215       0.0140977199
212 213       0.0158302831
212 214      0.00971517092
213 209       0.0157220971
213 215       0.0121975594
213 210       0.0107844061
213 216       0.0112278063
214 219       0.0165644614
214 212      0.00971517092
214 215       0.0161638431
214 226      0.00915347119
215 212       0.0140977199
215 218       0.0112281482
215 213       0.0121975594
215 216       0.0091841006
216 217       0.0156599501
216 218       0.0155722472
216 213       0.0112278063
216 215       0.0091841006
217 216       0.0156599501
217 218       0.0131210701
217 221        0.011152051
217 224      0.00864614518
218 217       0.0131210701
218 227       0.0114437768
218 219      0.00874237781
218 215       0.0112281482
219 214       0.0165644614
219 226       0.0133463953
219 227      0.00757298422
219 218      0.00874237781
220 493       0.0169674842
220 221       0.0119402874
220 228      0.00827608263
220 227      0.00985360982
221 240       0.0139061929
221 235       0.0136844641
221 217        0.011152051
221 220       0.0119402874
222 231       0.0229682666
222 229       0.0171704217
222 211       0.0160033037
222 223       0.0162929339
223 216       0.0168483831
223 231       0.0163653578
223 211       0.0139311649
223 222       0.0162929339
224 223       0.0177337784
224 231       0.0171962661
224 217      0.00864614518
224 216       0.0168040734
225 502        0.017745621
225 478       0.0161395659
225 228       0.0113422037
225 245       0.0139388123
226 227       0.0198324797
226 219       0.0133463953
226 212       0.0188504731
226 214      0.00915347119
227 221       0.0152605839
227 218       0.0114437768
227 219      0.00757298422
227 220      0.00985360982
228 221       0.0163536091
228 240       0.0140506152
228 225       0.0113422037
228 220      0.00827608263
229 223       0.0241381284
229 233       0.0192870121
229 231       0.0168217256
229 222       0.0171704217
230 530       0.0172397136
230 244       0.0118809786
230 246      0.00863795813
230 519      0.00925867053
231 229       0.0168217256
231 223       0.0163653578
231 232       0.0137845766
231 233       0.0146082486
232 237       0.0154813053
232 231       0.0137845766
232 236       0.0106731508
232 233       0.0134008976
233 234       0.0155322248
233 231       0.0146082486
233 237       0.0140794332
233 232       0.0134008976
234 243       0.0267912993
234 237       0.0169017243
234 238       0.0126423147
234 233       0.0155322248
235 221       0.0136844641
235 240       0.0108878035
235 236       0.0110306579
235 241       0.0105393948
236 239       0.0125830992
236 241       0.0114313944
236 232       0.0106731508
236 235       0.0110306579
237 232       0.0154813053
237 238       0.0145968682
237 239       0.0103509763
237 233       0.0140794332
238 239       0.0212182984
238 243       0.0157374136
238 234       0.0126423147
238 237       0.0145968682
239 244       0.0133222281
239 236       0.0125830992
239 243       0.0133144163
239 237       0.0103509763
240 228       0.0140506152
240 221       0.0139061929
240 235       0.0108878035
240 241       0.0130910715
241 240       0.0130910715
241 236       0.0114313944
241 242      0.00560665644
241 235       0.0105393948
242 236       0.0152357528
242 246       0.0098470401
242 249       0.0108493743
242 241      0.00560665644
243 237       0.0163068591
243 238       0.0157374136
243 239       0.0133144163
243 244      0.00954096257
244 246       0.0138676005
244 239       0.0133222281
244 243      0.00954096257
244 230       0.0118809786
245 240        0.016087064
245 624       0.0146096938
245 249       0.0109949972
245 225       0.0139388123
246 244       0.0138676005
246 249       0.0120109212
246 230      0.00863795813
246 242       0.0098470401
247 244       0.0172745062
247 519       0.0155376661
247 248       0.0136678315
247 518       0.0139236096
248 516       0.0165332227
248 520       0.0162390624
248 247       0.0136678315
248 518       0.0156037682
249 241       0.0134696037
249 246       0.0120109212
249 242       0.0108493743
249 245       0.0109949972
478 493       0.0171652009
478 484       0.0151433592
478 225       0.0161395659
478 483       0.0117332751
479 481       0.0127485799
479 494       0.0116322514
479 491      0.00756603842
479 495       0.0113546971
480 479       0.0206174342
480 497       0.0197183509
480 486        0.015882281
480 481       0.0132228892
481 479       0.0127485799
481 486       0.0115571155
481 497      0.00850768839
481 495       0.0108155578
482 226        0.023177337
482 483       0.0160568666
482 492      0.00532069462
482 493       0.0126501637
483 482       0.0160568666
483 478       0.0117332751
483 492       0.0121162325
483 493      0.00568340315
484 515       0.0184531942
484 501       0.0155031332
484 489       0.0099454186
484 478       0.0151433592
485 491       0.0121744154
485 496       0.0104479196
485 494      0.00781087974
485 490      0.00964540627
486 489       0.0116165321
486 481       0.0115571155
486 497      0.00885794808
486 487       0.0104804169
487 504       0.0164413381
487 486       0.0104804169
487 489       0.0155629991
487 497      0.00987820181
488 500       0.0136665991
488 496       0.0124215074
488 498      0.00725342078
488 495       0.0116373515
489 487       0.0155629991
489 515       0.0136070608
489 484       0.0099454186
489 486       0.0116165321
490 491       0.0208723337
490 496       0.0191574254
490 485      0.00964540627
490 494       0.0170184712
491 495       0.0128547254
491 485       0.0121744154
491 479      0.00756603842
491 494       0.0045843392
492 478       0.0182623523
492 483       0.0121162325
492 482      0.00532069462
492 493       0.0104265908
493 227       0.0163021557
493 482       0.0126501637
493 492       0.0104265908
493 483      0.00568340315
494 479       0.0116322514
494 496      0.00954223486
494 491       0.0045843392
494 485      0.00781087974
495 479       0.0113546971
495 481       0.0108155578
495 497       0.0111111369
495 496       0.0107345663
496 495       0.0107345663
496 500       0.0106204841
496 485       0.0104479196
496 494      0.00954223486
497 495       0.0111111369
497 487      0.00987820181
497 481      0.00850768839
497 486      0.00885794808
498 508       0.0144717116
498 500       0.0141314405
498 488      0.00725342078
498 513       0.0109129044
499 511       0.0198498141
499 510       0.0193355214
499 514       0.0179651739
499 509       0.0116901889
500 498       0.0141314405
500 488       0.0136665991
500 512       0.0082342172
500 496       0.0106204841
501 515       0.0141629809
501 502       0.0140217481
501 506       0.0113685811
501 503        0.013380769
502 225        0.017745621
502 501       0.0140217481
502 506      0.00888494763
502 533       0.0122124812
503 515       0.0130673194
503 534       0.0124410827
503 505       0.0103124069
503 506       0.0121515151
504 509       0.0144587709
504 511       0.0142609531
504 514      0.00771597722
504 515       0.0115797081
505 534       0.0154231247
505 544       0.0121143832
505 503       0.0103124069
505 511      0.00917080314
506 533       0.0131894018
506 503       0.0121515151
506 501       0.0113685811
506 502      0.00888494763
507 490       0.0246331436
507 508       0.0178949069
507 512       0.0109759485
507 500       0.0167870493
508 500         0.01583497
508 498       0.0144717116
508 512      0.00992294959
508 510       0.0112966926
509 504       0.0144587709
509 513       0.0123704728
509 514      0.00681219505
509 499       0.0116901889
510 509       0.0192993589
510 498       0.0184840959
510 508       0.0112966926
510 513       0.0160365169
511 514       0.0141262166
511 544       0.0128661998
511 505      0.00917080314
511 545       0.0127033808
512 498       0.0163376137
512 507       0.0109759485
512 508      0.00992294959
512 500       0.0082342172
513 510       0.0160365169
513 514       0.0130839298
513 498       0.0109129044
513 509       0.0123704728
514 511       0.0141262166
514 513       0.0130839298
514 509      0.00681219505
514 504      0.00771597722
515 501       0.0141629809
515 503       0.0130673194
515 489       0.0136070608
515 504       0.0115797081
516 526       0.0214011154
516 248       0.0165332227
516 520       0.0144798407
516 517       0.0156395364
517 527       0.0254018153
517 520       0.0227966613
517 526       0.0157468429
517 516       0.0156395364
518 521        0.014201763
518 247       0.0139236096
518 524      0.00843900122
518 530       0.0134586953
519 518       0.0152282408
519 531       0.0144435811
519 530      0.00894608206
519 230      0.00925867053
520 248       0.0162390624
520 527       0.0156777573
520 516       0.0144798407
520 525         0.01035823
521 532       0.0138282869
521 522       0.0119776268
521 523       0.0078541898
521 530      0.00970329891
522 523       0.0134769518
522 521       0.0119776268
522 524      0.00934683061
522 528      0.00946545187
523 522       0.0134769518
523 562       0.0114866448
523 521       0.0078541898
523 552       0.0111742568
524 525       0.0153225806
524 521       0.0146900262
524 522      0.00934683061
524 518      0.00843900122
525 524       0.0153225806
525 528       0.0129959939
525 520         0.01035823
525 527       0.0124493525
526 525       0.0194908955
526 520       0.0166838435
526 527       0.0102145367
526 517       0.0157468429
527 529       0.0167901873
527 520       0.0156777573
527 526       0.0102145367
527 525       0.0124493525
528 562       0.0143006765
528 525       0.0129959939
528 522      0.00946545187
528 529       0.0117834833
529 527       0.0167901873
529 528       0.0117834833
529 525       0.0155745156
529 553       0.0104894516
530 532       0.0133174384
530 521      0.00970329891
530 531       0.0100775038
530 519      0.00894608206
531 519       0.0144435811
531 549       0.0119404064
531 532      0.00730458167
531 530       0.0100775038
532 523       0.0136557908
532 530       0.0133174384
532 549      0.00676186313
532 531      0.00730458167
533 540       0.0136242702
533 506       0.0131894018
533 543        0.011208512
533 502       0.0122124812
534 506       0.0135370747
534 536       0.0103099517
534 503       0.0124410827
534 543      0.00847311743
535 542         0.01316208
535 537       0.0123856167
535 541      0.00986532771
535 543      0.00835698787
536 538       0.0150128047
536 546       0.0124166968
536 534       0.0103099517
536 544       0.0101249224
537 535       0.0123856167
537 548       0.0121247272
537 542       0.0120752448
537 538      0.00820416281
538 535       0.0147551165
538 546      0.00934691581
538 550       0.0138975754
538 537      0.00820416281
539 545       0.0157740985
539 544       0.0140199793
539 546      0.00810780165
539 547       0.0091813769
540 533       0.0136242702
540 624       0.0107281429
540 541        0.010754974
540 561      0.00911764182
541 540        0.010754974
541 561       0.0102271706
541 535      0.00986532771
541 542       0.0100679071
542 537       0.0120752448
542 551       0.0107922695
542 548      0.00758476147
542 541       0.0100679071
543 541       0.0139934402
543 533        0.011208512
543 535      0.00835698787
543 534      0.00847311743
544 511       0.0128661998
544 505       0.0121143832
544 545       0.0100291486
544 536       0.0101249224
545 539       0.0157740985
545 511       0.0127033808
545 544       0.0100291486
545 547       0.0102062095
546 544       0.0157047475
546 536       0.0124166968
546 539      0.00810780165
546 538      0.00934691581
547 546       0.0170911504
547 544           0.014866
547 539       0.0091813769
547 545       0.0102062095
548 537       0.0121247272
548 551       0.0114518072
548 542      0.00758476147
548 565      0.00770865189
549 561       0.0124435137
549 531       0.0119404064
549 532      0.00676186313
549 551        0.010835563
550 565       0.0149258347
550 538       0.0138975754
550 537       0.0134468268
550 566       0.0127352826
551 548       0.0114518072
551 561       0.0109002474
551 542       0.0107922695
551 549        0.010835563
552 549        0.014160912
552 523       0.0111742568
552 554       0.0108880146
552 563      0.00957609444
553 564       0.0174085401
553 528        0.016310179
553 560      0.00969388552
553 529       0.0104894516
554 556       0.0129142686
554 552       0.0108880146
554 555      0.00963265862
554 563       0.0107699212
555 566       0.0112389484
555 559       0.0112092742
555 554      0.00963265862
555 565      0.00956929099
556 555       0.0121041426
556 557       0.0115674967
556 559       0.0095462105
556 563      0.00967620217
557 567       0.0152588922
557 563       0.0147532874
557 564       0.0111811388
557 556       0.0115674967
558 565       0.0163475466
558 559       0.0157004229
558 550       0.0157177936
558 566      0.00775907822
559 558       0.0157004229
559 555       0.0112092742
559 567      0.00758638002
559 556       0.0095462105
560 529        0.020128792
560 557       0.0177294549
560 553      0.00969388552
560 564       0.0165569126
561 549       0.0124435137
561 551       0.0109002474
561 541       0.0102271706
561 540      0.00911764182
562 528       0.0143006765
562 522       0.0135045365
562 564      0.00932274467
562 523       0.0114866448
563 564       0.0123731394
563 554       0.0107699212
563 552      0.00957609444
563 556      0.00967620217
564 560       0.0165569126
564 563       0.0123731394
564 562      0.00932274467
564 557       0.0111811388
565 550       0.0149258347
565 555      0.00956929099
565 548      0.00770865189
565 566      0.00859688778
566 550       0.0127352826
566 555       0.0112389484
566 558      0.00775907822
566 565      0.00859688778
567 555       0.0187145679
567 557       0.0152588922
567 559      0.00758638002
567 556       0.0130242573
624 561       0.0173184678
624 245       0.0146096938
624 249       0.0165444115
624 540       0.0107281429
