0 133 central_moran FID_1
208 212        0.030323112
208 210       0.0152014061
208 211       0.0254409416
208 209       0.0128350275
208 213       0.0247693998
209 215       0.0249361409
209 208       0.0128350275
209 212       0.0175013107
209 210       0.0116263058
209 213       0.0157220971
210 216       0.0207057107
210 208       0.0152014061
210 211        0.013995004
210 209       0.0116263058
210 213       0.0107844061
211 216       0.0216267464
211 210        0.013995004
211 213        0.018334127
211 223       0.0139311649
211 222       0.0160033037
212 226       0.0188504731
212 215       0.0140977199
212 209       0.0175013107
212 214      0.00971517092
212 213       0.0158302831
213 212       0.0158302831
213 216       0.0112278063
213 209       0.0157220971
213 210       0.0107844061
213 215       0.0121975594
214 218       0.0195705781
214 215       0.0161638431
214 219       0.0165644614
214 212      0.00971517092
214 226      0.00915347119
215 214       0.0161638431
215 213       0.0121975594
215 212       0.0140977199
215 216       0.0091841006
215 218       0.0112281482
216 224       0.0168040734
216 213       0.0112278063
216 217       0.0156599501
216 215       0.0091841006
216 218       0.0155722472
217 235       0.0185566033
217 221        0.011152051
217 216       0.0156599501
217 224      0.00864614518
217 218       0.0131210701
218 216       0.0155722472
218 215       0.0112281482
218 217       0.0131210701
218 219      0.00874237781
218 227       0.0114437768
219 215       0.0167037259
219 218      0.00874237781
219 214       0.0165644614
219 227      0.00757298422
219 226       0.0133463953
220 483       0.0170482279
220 227      0.00985360982
220 493       0.0169674842
220 228      0.00827608263
220 221       0.0119402874
221 227       0.0152605839
221 240       0.0139061929
221 235       0.0136844641
221 217        0.011152051
221 220       0.0119402874
222 210       0.0299814114
222 229       0.0171704217
222 231       0.0229682666
222 211       0.0160033037
222 223       0.0162929339
223 224       0.0177337784
223 222       0.0162929339
223 216       0.0168483831
223 211       0.0139311649
223 231       0.0163653578
224 221       0.0177460882
224 223       0.0177337784
224 231       0.0171962661
224 217      0.00864614518
224 216       0.0168040734
225 483       0.0191099362
225 245       0.0139388123
225 502        0.017745621
225 228       0.0113422037
225 478       0.0161395659
226 218       0.0201041275
226 212       0.0188504731
226 227       0.0198324797
226 214      0.00915347119
226 219       0.0133463953
227 493       0.0163021557
227 218       0.0114437768
227 221       0.0152605839
227 219      0.00757298422
227 220      0.00985360982
228 483       0.0171572529
228 240       0.0140506152
228 221       0.0163536091
228 225       0.0113422037
228 220      0.00827608263
229 234       0.0278540126
229 222       0.0171704217
229 223       0.0241381284
229 231       0.0168217256
229 233       0.0192870121
230 242       0.0179819229
230 519      0.00925867053
230 530       0.0172397136
230 246      0.00863795813
230 244       0.0118809786
231 224       0.0171962661
231 229       0.0168217256
231 223       0.0163653578
231 232       0.0137845766
231 233       0.0146082486
232 239       0.0178403124
232 231       0.0137845766
232 237       0.0154813053
232 236       0.0106731508
232 233       0.0134008976
233 229       0.0192870121
233 234       0.0155322248
233 231       0.0146082486
233 237       0.0140794332
233 232       0.0134008976
234 239       0.0269401717
234 237       0.0169017243
234 243       0.0267912993
234 233       0.0155322248
234 238       0.0126423147
235 242       0.0161402797
235 236       0.0110306579
235 221       0.0136844641
235 241       0.0105393948
235 240       0.0108878035
236 242       0.0152357528
236 241       0.0114313944
236 239       0.0125830992
236 232       0.0106731508
236 235       0.0110306579
237 243       0.0163068591
237 238       0.0145968682
237 232       0.0154813053
237 233       0.0140794332
237 239       0.0103509763
238 233       0.0228988647
238 237       0.0145968682
238 239       0.0212182984
238 234       0.0126423147
238 243       0.0157374136
239 242       0.0160915464
239 243       0.0133144163
239 244       0.0133222281
239 237       0.0103509763
239 236       0.0125830992
240 249        0.015666346
240 221       0.0139061929
240 228       0.0140506152
240 241       0.0130910715
240 235       0.0108878035
241 249       0.0134696037
241 236       0.0114313944
241 240       0.0130910715
241 242      0.00560665644
241 235       0.0105393948
242 239       0.0160915464
242 246       0.0098470401
242 236       0.0152357528
242 241      0.00560665644
242 249       0.0108493743
243 247       0.0175227502
243 238       0.0157374136
243 237       0.0163068591
243 244      0.00954096257
243 239       0.0133144163
244 247       0.0172745062
244 239       0.0133222281
244 246       0.0138676005
244 243      0.00954096257
244 230       0.0118809786
245 228       0.0186437708
245 240        0.016087064
245 624       0.0146096938
245 249       0.0109949972
245 225       0.0139388123
246 241       0.0154456308
246 242       0.0098470401
246 244       0.0138676005
246 230      0.00863795813
246 249       0.0120109212
247 243       0.0175227502
247 518       0.0139236096
247 244       0.0172745062
247 248       0.0136678315
247 519       0.0155376661
248 524       0.0174956523
248 516       0.0165332227
248 518       0.0156037682
248 520       0.0162390624
248 247       0.0136678315
249 240        0.015666346
249 241       0.0134696037
249 246       0.0120109212
249 242       0.0108493743
249 245       0.0109949972
478 501       0.0174181983
478 225       0.0161395659
478 493       0.0171652009
478 483       0.0117332751
478 484       0.0151433592
479 496       0.0171156151
479 495       0.0113546971
479 481       0.0127485799
479 491      0.00756603842
479 494       0.0116322514
480 489       0.0223795296
480 486        0.015882281
480 479       0.0206174342
480 481       0.0132228892
480 497       0.0197183509
481 480       0.0132228892
481 495       0.0108155578
481 479       0.0127485799
481 497      0.00850768839
481 486       0.0115571155
482 478       0.0235094705
482 483       0.0160568666
482 226        0.023177337
482 492      0.00532069462
482 493       0.0126501637
483 220       0.0170482279
483 492       0.0121162325
483 482       0.0160568666
483 493      0.00568340315
483 478       0.0117332751
484 486       0.0197503252
484 478       0.0151433592
484 515       0.0184531942
484 489       0.0099454186
484 501       0.0155031332
485 500       0.0162841025
485 490      0.00964540627
485 491       0.0121744154
485 494      0.00781087974
485 496       0.0104479196
486 480        0.015882281
486 481       0.0115571155
486 489       0.0116165321
486 497      0.00885794808
486 487       0.0104804169
487 513        0.016740115
487 489       0.0155629991
487 504       0.0164413381
487 497      0.00987820181
487 486       0.0104804169
488 497       0.0139099739
488 500       0.0136665991
488 496       0.0124215074
488 498      0.00725342078
488 495       0.0116373515
489 501       0.0190639613
489 486       0.0116165321
489 487       0.0155629991
489 484       0.0099454186
489 515       0.0136070608
490 500       0.0209756638
490 494       0.0170184712
490 491       0.0208723337
490 485      0.00964540627
490 496       0.0191574254
491 496       0.0129357681
491 479      0.00756603842
491 495       0.0128547254
491 494       0.0045843392
491 485       0.0121744154
492 484       0.0202645875
492 483       0.0121162325
492 478       0.0182623523
492 482      0.00532069462
492 493       0.0104265908
493 220       0.0169674842
493 482       0.0126501637
493 227       0.0163021557
493 483      0.00568340315
493 492       0.0104265908
494 495       0.0131942326
494 479       0.0116322514
494 496      0.00954223486
494 491       0.0045843392
494 485      0.00781087974
495 488       0.0116373515
495 481       0.0108155578
495 479       0.0113546971
495 496       0.0107345663
495 497       0.0111111369
496 488       0.0124215074
496 485       0.0104479196
496 495       0.0107345663
496 494      0.00954223486
496 500       0.0106204841
497 488       0.0139099739
497 486      0.00885794808
497 495       0.0111111369
497 481      0.00850768839
497 487      0.00987820181
498 512       0.0163376137
498 500       0.0141314405
498 508       0.0144717116
498 488      0.00725342078
498 513       0.0109129044
499 545       0.0202179018
499 514       0.0179651739
499 511       0.0198498141
499 509       0.0116901889
499 510       0.0193355214
500 508         0.01583497
500 498       0.0141314405
500 488       0.0136665991
500 512       0.0082342172
500 496       0.0106204841
501 484       0.0155031332
501 503        0.013380769
501 515       0.0141629809
501 506       0.0113685811
501 502       0.0140217481
502 478       0.0193048229
502 501       0.0140217481
502 225        0.017745621
502 506      0.00888494763
502 533       0.0122124812
503 501        0.013380769
503 534       0.0124410827
503 515       0.0130673194
503 506       0.0121515151
503 505       0.0103124069
504 505       0.0161153184
504 515       0.0115797081
504 509       0.0144587709
504 514      0.00771597722
504 511       0.0142609531
505 536        0.015474921
505 534       0.0154231247
505 544       0.0121143832
505 503       0.0103124069
505 511      0.00917080314
506 534       0.0135370747
506 503       0.0121515151
506 533       0.0131894018
506 502      0.00888494763
506 501       0.0113685811
507 496       0.0262692827
507 500       0.0167870493
507 490       0.0246331436
507 512       0.0109759485
507 508       0.0178949069
508 507       0.0178949069
508 498       0.0144717116
508 500         0.01583497
508 510       0.0112966926
508 512      0.00992294959
509 511       0.0160615544
509 504       0.0144587709
509 513       0.0123704728
509 514      0.00681219505
509 499       0.0116901889
510 499       0.0193355214
510 498       0.0184840959
510 509       0.0192993589
510 508       0.0112966926
510 513       0.0160365169
511 504       0.0142609531
511 514       0.0141262166
511 544       0.0128661998
511 505      0.00917080314
511 545       0.0127033808
512 496        0.018854701
512 507       0.0109759485
512 498       0.0163376137
512 500       0.0082342172
512 508      0.00992294959
513 488       0.0161361592
513 510       0.0160365169
513 514       0.0130839298
513 498       0.0109129044
513 509       0.0123704728
514 499       0.0179651739
514 504      0.00771597722
514 511       0.0141262166
514 509      0.00681219505
514 513       0.0130839298
515 505       0.0167954302
515 489       0.0136070608
515 501       0.0141629809
515 504       0.0115797081
515 503       0.0130673194
516 525       0.0248193338
516 517       0.0156395364
516 526       0.0214011154
516 520       0.0144798407
516 248       0.0165332227
517 525       0.0307806488
517 527       0.0254018153
517 526       0.0157468429
517 520       0.0227966613
517 516       0.0156395364
518 519       0.0152282408
518 247       0.0139236096
518 521        0.014201763
518 524      0.00843900122
518 530       0.0134586953
519 247       0.0155376661
519 531       0.0144435811
519 518       0.0152282408
519 530      0.00894608206
519 230      0.00925867053
520 526       0.0166838435
520 527       0.0156777573
520 248       0.0162390624
520 516       0.0144798407
520 525         0.01035823
521 518        0.014201763
521 530      0.00970329891
521 532       0.0138282869
521 523       0.0078541898
521 522       0.0119776268
522 562       0.0135045365
522 528      0.00946545187
522 523       0.0134769518
522 524      0.00934683061
522 521       0.0119776268
523 532       0.0136557908
523 562       0.0114866448
523 522       0.0134769518
523 521       0.0078541898
523 552       0.0111742568
524 528        0.015726344
524 525       0.0153225806
524 521       0.0146900262
524 522      0.00934683061
524 518      0.00843900122
525 529       0.0155745156
525 527       0.0124493525
525 524       0.0153225806
525 520         0.01035823
525 528       0.0129959939
526 516       0.0214011154
526 520       0.0166838435
526 525       0.0194908955
526 517       0.0157468429
526 527       0.0102145367
527 528       0.0220732036
527 520       0.0156777573
527 529       0.0167901873
527 526       0.0102145367
527 525       0.0124493525
528 524        0.015726344
528 525       0.0129959939
528 562       0.0143006765
528 529       0.0117834833
528 522      0.00946545187
529 560        0.020128792
529 525       0.0155745156
529 527       0.0167901873
529 553       0.0104894516
529 528       0.0117834833
530 518       0.0134586953
530 531       0.0100775038
530 532       0.0133174384
530 519      0.00894608206
530 521      0.00970329891
531 521       0.0156661424
531 549       0.0119404064
531 519       0.0144435811
531 532      0.00730458167
531 530       0.0100775038
532 521       0.0138282869
532 531      0.00730458167
532 523       0.0136557908
532 549      0.00676186313
532 530       0.0133174384
533 541       0.0139898201
533 540       0.0136242702
533 506       0.0131894018
533 543        0.011208512
533 502       0.0122124812
534 535       0.0147682536
534 506       0.0135370747
534 536       0.0103099517
534 503       0.0124410827
534 543      0.00847311743
535 538       0.0147551165
535 542         0.01316208
535 543      0.00835698787
535 537       0.0123856167
535 541      0.00986532771
536 505        0.015474921
536 534       0.0103099517
536 538       0.0150128047
536 544       0.0101249224
536 546       0.0124166968
537 550       0.0134468268
537 548       0.0121247272
537 535       0.0123856167
537 542       0.0120752448
537 538      0.00820416281
538 536       0.0150128047
538 550       0.0138975754
538 535       0.0147551165
538 537      0.00820416281
538 546      0.00934691581
539 536       0.0162907431
539 544       0.0140199793
539 545       0.0157740985
539 546      0.00810780165
539 547       0.0091813769
540 542       0.0187823364
540 541        0.010754974
540 533       0.0136242702
540 561      0.00911764182
540 624       0.0107281429
541 533       0.0139898201
541 540        0.010754974
541 561       0.0102271706
541 542       0.0100679071
541 535      0.00986532771
542 561       0.0126869998
542 541       0.0100679071
542 537       0.0120752448
542 548      0.00758476147
542 551       0.0107922695
543 506       0.0144393145
543 541       0.0139934402
543 533        0.011208512
543 535      0.00835698787
543 534      0.00847311743
544 539       0.0140199793
544 505       0.0121143832
544 511       0.0128661998
544 536       0.0101249224
544 545       0.0100291486
545 505       0.0180677755
545 539       0.0157740985
545 511       0.0127033808
545 544       0.0100291486
545 547       0.0102062095
546 547       0.0170911504
546 544       0.0157047475
546 538      0.00934691581
546 536       0.0124166968
546 539      0.00810780165
547 536       0.0217831184
547 544           0.014866
547 546       0.0170911504
547 545       0.0102062095
547 539       0.0091813769
548 555       0.0148874154
548 565      0.00770865189
548 537       0.0121247272
548 542      0.00758476147
548 551       0.0114518072
549 552        0.014160912
549 531       0.0119404064
549 561       0.0124435137
549 532      0.00676186313
549 551        0.010835563
550 558       0.0157177936
550 538       0.0138975754
550 565       0.0149258347
550 537       0.0134468268
550 566       0.0127352826
551 554       0.0132596785
551 549        0.010835563
551 548       0.0114518072
551 542       0.0107922695
551 561       0.0109002474
552 532       0.0144782265
552 549        0.014160912
552 523       0.0111742568
552 563      0.00957609444
552 554       0.0108880146
553 562       0.0197478873
553 528        0.016310179
553 564       0.0174085401
553 529       0.0104894516
553 560      0.00969388552
554 551       0.0132596785
554 552       0.0108880146
554 556       0.0129142686
554 555      0.00963265862
554 563       0.0107699212
555 556       0.0121041426
555 554      0.00963265862
555 566       0.0112389484
555 565      0.00956929099
555 559       0.0112092742
556 554       0.0129142686
556 555       0.0121041426
556 557       0.0115674967
556 559       0.0095462105
556 563      0.00967620217
557 559       0.0175040739
557 556       0.0115674967
557 567       0.0152588922
557 564       0.0111811388
557 563       0.0147532874
558 555       0.0165865572
558 550       0.0157177936
558 565       0.0163475466
558 566      0.00775907822
558 559       0.0157004229
559 566       0.0157694439
559 555       0.0112092742
559 558       0.0157004229
559 556       0.0095462105
559 567      0.00758638002
560 562       0.0230084839
560 529        0.020128792
560 557       0.0177294549
560 553      0.00969388552
560 564       0.0165569126
561 542       0.0126869998
561 541       0.0102271706
561 549       0.0124435137
561 540      0.00911764182
561 551       0.0109002474
562 563       0.0145313237
562 523       0.0114866448
562 528       0.0143006765
562 564      0.00932274467
562 522       0.0135045365
563 562       0.0145313237
563 556      0.00967620217
563 564       0.0123731394
563 552      0.00957609444
563 554       0.0107699212
564 556       0.0168894011
564 557       0.0111811388
564 560       0.0165569126
564 562      0.00932274467
564 563       0.0123731394
565 554       0.0149994068
565 566      0.00859688778
565 550       0.0149258347
565 548      0.00770865189
565 555      0.00956929099
566 559       0.0157694439
566 565      0.00859688778
566 550       0.0127352826
566 558      0.00775907822
566 555       0.0112389484
567 558       0.0202896217
567 556       0.0130242573
567 555       0.0187145679
567 559      0.00758638002
567 557       0.0152588922
624 533       0.0198360365
624 249       0.0165444115
624 561       0.0173184678
624 540       0.0107281429
624 245       0.0146096938
