0 133 central_moran FID_1
208 215       0.0360483746
208 216       0.0355878106
208 212        0.030323112
208 211       0.0254409416
208 210       0.0152014061
208 213       0.0247693998
208 209       0.0128350275
209 216       0.0268862252
209 211       0.0256089447
209 215       0.0249361409
209 208       0.0128350275
209 210       0.0116263058
209 213       0.0157220971
209 212       0.0175013107
210 215       0.0229479592
210 216       0.0207057107
210 212       0.0226162155
210 208       0.0152014061
210 213       0.0107844061
210 209       0.0116263058
210 211        0.013995004
211 209       0.0256089447
211 208       0.0254409416
211 210        0.013995004
211 216       0.0216267464
211 213        0.018334127
211 223       0.0139311649
211 222       0.0160033037
212 218       0.0225999919
212 216       0.0215978411
212 213       0.0158302831
212 226       0.0188504731
212 214      0.00971517092
212 215       0.0140977199
212 209       0.0175013107
213 223       0.0215156336
213 211        0.018334127
213 212       0.0158302831
213 209       0.0157220971
213 216       0.0112278063
213 215       0.0121975594
213 210       0.0107844061
214 227       0.0241163537
214 218       0.0195705781
214 213       0.0233825349
214 219       0.0165644614
214 215       0.0161638431
214 212      0.00971517092
214 226      0.00915347119
215 217       0.0188457099
215 219       0.0167037259
215 212       0.0140977199
215 214       0.0161638431
215 216       0.0091841006
215 213       0.0121975594
215 218       0.0112281482
216 210       0.0207057107
216 223       0.0168483831
216 218       0.0155722472
216 224       0.0168040734
216 215       0.0091841006
216 213       0.0112278063
216 217       0.0156599501
217 227       0.0194502482
217 215       0.0188457099
217 218       0.0131210701
217 235       0.0185566033
217 224      0.00864614518
217 221        0.011152051
217 216       0.0156599501
218 220       0.0190843419
218 221       0.0166578636
218 215       0.0112281482
218 216       0.0155722472
218 227       0.0114437768
218 219      0.00874237781
218 217       0.0131210701
219 493       0.0198361208
219 220       0.0174204707
219 215       0.0167037259
219 214       0.0165644614
219 218      0.00874237781
219 227      0.00757298422
219 226       0.0133463953
220 219       0.0174204707
220 240       0.0172941915
220 221       0.0119402874
220 483       0.0170482279
220 228      0.00827608263
220 227      0.00985360982
220 493       0.0169674842
221 218       0.0166578636
221 228       0.0163536091
221 240       0.0139061929
221 227       0.0152605839
221 220       0.0119402874
221 217        0.011152051
221 235       0.0136844641
222 224       0.0328535874
222 216       0.0321660798
222 231       0.0229682666
222 210       0.0299814114
222 211       0.0160033037
222 229       0.0171704217
222 223       0.0162929339
223 217       0.0238341686
223 213       0.0215156336
223 231       0.0163653578
223 224       0.0177337784
223 222       0.0162929339
223 211       0.0139311649
223 216       0.0168483831
224 235       0.0190263065
224 232       0.0182831949
224 221       0.0177460882
224 231       0.0171962661
224 217      0.00864614518
224 223       0.0177337784
224 216       0.0168040734
225 240       0.0202229844
225 220       0.0192248665
225 478       0.0161395659
225 483       0.0191099362
225 245       0.0139388123
225 228       0.0113422037
225 502        0.017745621
226 482        0.023177337
226 215       0.0216758369
226 212       0.0188504731
226 218       0.0201041275
226 214      0.00915347119
226 219       0.0133463953
226 227       0.0198324797
227 483       0.0194430677
227 228       0.0179773408
227 220      0.00985360982
227 493       0.0163021557
227 218       0.0114437768
227 219      0.00757298422
227 221       0.0152605839
228 245       0.0186437708
228 227       0.0179773408
228 240       0.0140506152
228 221       0.0163536091
228 483       0.0171572529
228 225       0.0113422037
228 220      0.00827608263
229 211       0.0314970753
229 234       0.0278540126
229 232       0.0279417611
229 223       0.0241381284
229 222       0.0171704217
229 231       0.0168217256
229 233       0.0192870121
230 247       0.0197170939
230 531        0.018322461
230 530       0.0172397136
230 242       0.0179819229
230 246      0.00863795813
230 519      0.00925867053
230 244       0.0118809786
231 236       0.0240107448
231 222       0.0229682666
231 229       0.0168217256
231 224       0.0171962661
231 223       0.0163653578
231 232       0.0137845766
231 233       0.0146082486
232 235       0.0184378418
232 224       0.0182831949
232 231       0.0137845766
232 239       0.0178403124
232 236       0.0106731508
232 233       0.0134008976
232 237       0.0154813053
233 239        0.022887787
233 236        0.022431377
233 234       0.0155322248
233 229       0.0192870121
233 237       0.0140794332
233 232       0.0134008976
233 231       0.0146082486
234 229       0.0278540126
234 232        0.027016415
234 239       0.0269401717
234 237       0.0169017243
234 238       0.0126423147
234 243       0.0267912993
234 233       0.0155322248
235 217       0.0185566033
235 242       0.0161402797
235 232       0.0184378418
235 221       0.0136844641
235 236       0.0110306579
235 241       0.0105393948
235 240       0.0108878035
236 240        0.020547596
236 237       0.0170982027
236 241       0.0114313944
236 242       0.0152357528
236 232       0.0106731508
236 235       0.0110306579
236 239       0.0125830992
237 236       0.0170982027
237 234       0.0169017243
237 243       0.0163068591
237 232       0.0154813053
237 239       0.0103509763
237 233       0.0140794332
237 238       0.0145968682
238 247       0.0294908466
238 244       0.0250023494
238 239       0.0212182984
238 233       0.0228988647
238 237       0.0145968682
238 243       0.0157374136
238 234       0.0126423147
239 232       0.0178403124
239 241       0.0166862412
239 244       0.0133222281
239 242       0.0160915464
239 237       0.0103509763
239 243       0.0133144163
239 236       0.0125830992
240 242       0.0168297425
240 249        0.015666346
240 245        0.016087064
240 228       0.0140506152
240 235       0.0108878035
240 221       0.0139061929
240 241       0.0130910715
241 239       0.0166862412
241 246       0.0154456308
241 249       0.0134696037
241 240       0.0130910715
241 242      0.00560665644
241 235       0.0105393948
241 236       0.0114313944
242 240       0.0168297425
242 235       0.0161402797
242 249       0.0108493743
242 239       0.0160915464
242 246       0.0098470401
242 241      0.00560665644
242 236       0.0152357528
243 246       0.0231705168
243 230       0.0210476186
243 239       0.0133144163
243 247       0.0175227502
243 237       0.0163068591
243 244      0.00954096257
243 238       0.0157374136
244 242       0.0176686389
244 519       0.0174559649
244 239       0.0133222281
244 247       0.0172745062
244 246       0.0138676005
244 243      0.00954096257
244 230       0.0118809786
245 241       0.0216870962
245 228       0.0186437708
245 242         0.02100959
245 624       0.0146096938
245 249       0.0109949972
245 240        0.016087064
245 225       0.0139388123
246 239       0.0199514918
246 519       0.0177604411
246 241       0.0154456308
246 244       0.0138676005
246 242       0.0098470401
246 249       0.0120109212
246 230      0.00863795813
247 530       0.0209632074
247 230       0.0197170939
247 244       0.0172745062
247 243       0.0175227502
247 518       0.0139236096
247 248       0.0136678315
247 519       0.0155376661
248 519       0.0265695435
248 525       0.0231863632
248 520       0.0162390624
248 524       0.0174956523
248 516       0.0165332227
248 247       0.0136678315
248 518       0.0156037682
249 230       0.0198867152
249 624       0.0165444115
249 241       0.0134696037
249 240        0.015666346
249 242       0.0108493743
249 246       0.0120109212
249 245       0.0109949972
478 502       0.0193048229
478 492       0.0182623523
478 225       0.0161395659
478 501       0.0174181983
478 483       0.0117332751
478 484       0.0151433592
478 493       0.0171652009
479 485       0.0194427571
479 496       0.0171156151
479 497       0.0190308613
479 481       0.0127485799
479 491      0.00756603842
479 494       0.0116322514
479 495       0.0113546971
480 484       0.0245011971
480 495       0.0237449753
480 497       0.0197183509
480 489       0.0223795296
480 481       0.0132228892
480 486        0.015882281
480 479       0.0206174342
481 491       0.0189316012
481 487       0.0178111013
481 495       0.0108155578
481 480       0.0132228892
481 486       0.0115571155
481 497      0.00850768839
481 479       0.0127485799
482 480       0.0258149607
482 484        0.024807518
482 478       0.0235094705
482 226        0.023177337
482 492      0.00532069462
482 493       0.0126501637
482 483       0.0160568666
483 225       0.0191099362
483 220       0.0170482279
483 228       0.0171572529
483 482       0.0160568666
483 492       0.0121162325
483 478       0.0117332751
483 493      0.00568340315
484 483       0.0227212276
484 492       0.0202645875
484 478       0.0151433592
484 486       0.0197503252
484 515       0.0184531942
484 489       0.0099454186
484 501       0.0155031332
485 479       0.0194427571
485 495       0.0189309015
485 491       0.0121744154
485 500       0.0162841025
485 490      0.00964540627
485 494      0.00781087974
485 496       0.0104479196
486 484       0.0197503252
486 480        0.015882281
486 495       0.0192413751
486 489       0.0116165321
486 481       0.0115571155
486 497      0.00885794808
486 487       0.0104804169
487 481       0.0178111013
487 488       0.0169795063
487 489       0.0155629991
487 513        0.016740115
487 504       0.0164413381
487 497      0.00987820181
487 486       0.0104804169
488 487       0.0169795063
488 513       0.0161361592
488 500       0.0136665991
488 497       0.0139099739
488 498      0.00725342078
488 495       0.0116373515
488 496       0.0124215074
489 504       0.0207227678
489 497       0.0197962045
489 486       0.0116165321
489 501       0.0190639613
489 515       0.0136070608
489 484       0.0099454186
489 487       0.0155629991
490 512       0.0255285681
490 507       0.0246331436
490 491       0.0208723337
490 500       0.0209756638
490 485      0.00964540627
490 494       0.0170184712
490 496       0.0191574254
491 490       0.0208723337
491 481       0.0189316012
491 485       0.0121744154
491 496       0.0129357681
491 479      0.00756603842
491 494       0.0045843392
491 495       0.0128547254
492 480       0.0259786909
492 227        0.025953926
492 478       0.0182623523
492 484       0.0202645875
492 493       0.0104265908
492 482      0.00532069462
492 483       0.0121162325
493 228        0.019636221
493 220       0.0169674842
493 478       0.0171652009
493 227       0.0163021557
493 492       0.0104265908
493 483      0.00568340315
493 482       0.0126501637
494 500       0.0193324504
494 490       0.0170184712
494 485      0.00781087974
494 495       0.0131942326
494 479       0.0116322514
494 491       0.0045843392
494 496      0.00954223486
495 494       0.0131942326
495 488       0.0116373515
495 491       0.0128547254
495 479       0.0113546971
495 496       0.0107345663
495 497       0.0111111369
495 481       0.0108155578
496 479       0.0171156151
496 488       0.0124215074
496 491       0.0129357681
496 500       0.0106204841
496 485       0.0104479196
496 495       0.0107345663
496 494      0.00954223486
497 498       0.0194074856
497 479       0.0190308613
497 495       0.0111111369
497 488       0.0139099739
497 486      0.00885794808
497 481      0.00850768839
497 487      0.00987820181
498 510       0.0184840959
498 496       0.0177013908
498 508       0.0144717116
498 512       0.0163376137
498 500       0.0141314405
498 488      0.00725342078
498 513       0.0109129044
499 504       0.0249741014
499 513       0.0216611205
499 514       0.0179651739
499 545       0.0202179018
499 510       0.0193355214
499 509       0.0116901889
499 511       0.0198498141
500 507       0.0167870493
500 485       0.0162841025
500 508         0.01583497
500 496       0.0106204841
500 498       0.0141314405
500 488       0.0136665991
500 512       0.0082342172
501 489       0.0190639613
501 478       0.0174181983
501 502       0.0140217481
501 484       0.0155031332
501 503        0.013380769
501 506       0.0113685811
501 515       0.0141629809
502 503       0.0205868879
502 543       0.0195128265
502 501       0.0140217481
502 478       0.0193048229
502 533       0.0122124812
502 506      0.00888494763
502 225        0.017745621
503 511        0.018979403
503 536        0.018957028
503 501        0.013380769
503 515       0.0130673194
503 505       0.0103124069
503 506       0.0121515151
503 534       0.0124410827
504 513         0.01841469
504 487       0.0164413381
504 511       0.0142609531
504 505       0.0161153184
504 515       0.0115797081
504 514      0.00771597722
504 509       0.0144587709
505 515       0.0167954302
505 504       0.0161153184
505 536        0.015474921
505 534       0.0154231247
505 503       0.0103124069
505 544       0.0121143832
505 511      0.00917080314
506 515       0.0215486004
506 543       0.0144393145
506 501       0.0113685811
506 534       0.0135370747
506 503       0.0121515151
506 502      0.00888494763
506 533       0.0131894018
507 498       0.0273124826
507 485       0.0265794237
507 508       0.0178949069
507 496       0.0262692827
507 512       0.0109759485
507 500       0.0167870493
507 490       0.0246331436
508 488       0.0204806844
508 513       0.0192092431
508 507       0.0178949069
508 510       0.0112966926
508 498       0.0144717116
508 500         0.01583497
508 512      0.00992294959
509 498       0.0231740614
509 510       0.0192993589
509 499       0.0116901889
509 511       0.0160615544
509 504       0.0144587709
509 514      0.00681219505
509 513       0.0123704728
510 514       0.0246683923
510 512       0.0211756703
510 513       0.0160365169
510 499       0.0193355214
510 498       0.0184840959
510 508       0.0112966926
510 509       0.0192993589
511 503        0.018979403
511 504       0.0142609531
511 509       0.0160615544
511 544       0.0128661998
511 505      0.00917080314
511 514       0.0141262166
511 545       0.0127033808
512 510       0.0211756703
512 496        0.018854701
512 488       0.0191644384
512 498       0.0163376137
512 500       0.0082342172
512 508      0.00992294959
512 507       0.0109759485
513 504         0.01841469
513 487        0.016740115
513 488       0.0161361592
513 510       0.0160365169
513 498       0.0109129044
513 509       0.0123704728
513 514       0.0130839298
514 515       0.0192956161
514 487       0.0186311241
514 499       0.0179651739
514 511       0.0141262166
514 504      0.00771597722
514 509      0.00681219505
514 513       0.0130839298
515 514       0.0192956161
515 505       0.0167954302
515 484       0.0184531942
515 501       0.0141629809
515 504       0.0115797081
515 489       0.0136070608
515 503       0.0130673194
516 524       0.0289616008
516 527       0.0265180403
516 525       0.0248193338
516 517       0.0156395364
516 526       0.0214011154
516 248       0.0165332227
516 520       0.0144798407
517 524       0.0405658074
517 248       0.0317339717
517 525       0.0307806488
517 527       0.0254018153
517 516       0.0156395364
517 526       0.0157468429
517 520       0.0227966613
518 522       0.0157323726
518 248       0.0156037682
518 521        0.014201763
518 519       0.0152282408
518 247       0.0139236096
518 524      0.00843900122
518 530       0.0134586953
519 246       0.0177604411
519 244       0.0174559649
519 230      0.00925867053
519 247       0.0155376661
519 531       0.0144435811
519 530      0.00894608206
519 518       0.0152282408
520 528        0.022733498
520 524        0.017958172
520 526       0.0166838435
520 527       0.0156777573
520 525         0.01035823
520 248       0.0162390624
520 516       0.0144798407
521 531       0.0156661424
521 524       0.0146900262
521 530      0.00970329891
521 532       0.0138282869
521 518        0.014201763
521 523       0.0078541898
521 522       0.0119776268
522 525       0.0169464377
522 518       0.0157323726
522 521       0.0119776268
522 562       0.0135045365
522 524      0.00934683061
522 528      0.00946545187
522 523       0.0134769518
523 563       0.0171774364
523 530       0.0164293678
523 532       0.0136557908
523 522       0.0134769518
523 562       0.0114866448
523 521       0.0078541898
523 552       0.0111742568
524 520        0.017958172
524 528        0.015726344
524 248       0.0174956523
524 521       0.0146900262
524 525       0.0153225806
524 522      0.00934683061
524 518      0.00843900122
525 526       0.0194908955
525 522       0.0169464377
525 528       0.0129959939
525 529       0.0155745156
525 527       0.0124493525
525 520         0.01035823
525 524       0.0153225806
526 528       0.0312644577
526 529       0.0270043769
526 525       0.0194908955
526 516       0.0214011154
526 527       0.0102145367
526 517       0.0157468429
526 520       0.0166838435
527 516       0.0265180403
527 528       0.0220732036
527 517       0.0254018153
527 529       0.0167901873
527 525       0.0124493525
527 526       0.0102145367
527 520       0.0156777573
528 564        0.020234541
528 553        0.016310179
528 525       0.0129959939
528 524        0.015726344
528 522      0.00946545187
528 529       0.0117834833
528 562       0.0143006765
529 562       0.0226207393
529 522       0.0212239537
529 525       0.0155745156
529 560        0.020128792
529 527       0.0167901873
529 553       0.0104894516
529 528       0.0117834833
530 230       0.0172397136
530 523       0.0164293678
530 532       0.0133174384
530 518       0.0134586953
530 531       0.0100775038
530 519      0.00894608206
530 521      0.00970329891
531 523       0.0187025261
531 230        0.018322461
531 549       0.0119404064
531 521       0.0156661424
531 530       0.0100775038
531 532      0.00730458167
531 519       0.0144435811
532 551       0.0173143852
532 521       0.0138282869
532 552       0.0144782265
532 523       0.0136557908
532 531      0.00730458167
532 549      0.00676186313
532 530       0.0133174384
533 534       0.0176544488
533 535       0.0161427172
533 541       0.0139898201
533 540       0.0136242702
533 502       0.0122124812
533 543        0.011208512
533 506       0.0131894018
534 533       0.0176544488
534 505       0.0154231247
534 506       0.0135370747
534 535       0.0147682536
534 503       0.0124410827
534 536       0.0103099517
534 543      0.00847311743
535 533       0.0161427172
535 534       0.0147682536
535 538       0.0147551165
535 542         0.01316208
535 541      0.00986532771
535 543      0.00835698787
535 537       0.0123856167
536 539       0.0162907431
536 543       0.0157486357
536 546       0.0124166968
536 505        0.015474921
536 544       0.0101249224
536 534       0.0103099517
536 538       0.0150128047
537 546       0.0175422844
537 565       0.0150210644
537 550       0.0134468268
537 535       0.0123856167
537 542       0.0120752448
537 538      0.00820416281
537 548       0.0121247272
538 542       0.0197882579
538 539       0.0174004292
538 550       0.0138975754
538 536       0.0150128047
538 535       0.0147551165
538 537      0.00820416281
538 546      0.00934691581
539 550       0.0245230249
539 538       0.0174004292
539 536       0.0162907431
539 545       0.0157740985
539 544       0.0140199793
539 546      0.00810780165
539 547       0.0091813769
540 535       0.0198497377
540 549       0.0198416977
540 542       0.0187823364
540 624       0.0107281429
540 541        0.010754974
540 533       0.0136242702
540 561      0.00911764182
541 551       0.0167172852
541 543       0.0139934402
541 542       0.0100679071
541 533       0.0139898201
541 540        0.010754974
541 535      0.00986532771
541 561       0.0102271706
542 565       0.0151992267
542 535         0.01316208
542 537       0.0120752448
542 561       0.0126869998
542 541       0.0100679071
542 548      0.00758476147
542 551       0.0107922695
543 503       0.0193054657
543 536       0.0157486357
543 541       0.0139934402
543 506       0.0144393145
543 533        0.011208512
543 535      0.00835698787
543 534      0.00847311743
544 546       0.0157047475
544 547           0.014866
544 539       0.0140199793
544 511       0.0128661998
544 536       0.0101249224
544 505       0.0121143832
544 545       0.0100291486
545 499       0.0202179018
545 511       0.0127033808
545 536       0.0199402134
545 547       0.0102062095
545 544       0.0100291486
545 505       0.0180677755
545 539       0.0157740985
546 550       0.0188577477
546 537       0.0175422844
546 536       0.0124166968
546 547       0.0170911504
546 544       0.0157047475
546 539      0.00810780165
546 538      0.00934691581
547 505       0.0261977937
547 511       0.0226406205
547 536       0.0217831184
547 546       0.0170911504
547 544           0.014866
547 539       0.0091813769
547 545       0.0102062095
548 566       0.0161694522
548 554       0.0156057747
548 551       0.0114518072
548 555       0.0148874154
548 542      0.00758476147
548 565      0.00770865189
548 537       0.0121247272
549 554       0.0186417161
549 523       0.0180486081
549 552        0.014160912
549 561       0.0124435137
549 532      0.00676186313
549 551        0.010835563
549 531       0.0119404064
550 546       0.0188577477
550 548       0.0186708095
550 538       0.0138975754
550 558       0.0157177936
550 566       0.0127352826
550 537       0.0134468268
550 565       0.0149258347
551 541       0.0167172852
551 552       0.0162465458
551 548       0.0114518072
551 554       0.0132596785
551 542       0.0107922695
551 549        0.010835563
551 561       0.0109002474
552 551       0.0162465458
552 562       0.0157546238
552 554       0.0108880146
552 532       0.0144782265
552 549        0.014160912
552 563      0.00957609444
552 523       0.0111742568
553 522        0.024710948
553 557       0.0236634179
553 529       0.0104894516
553 562       0.0197478873
553 528        0.016310179
553 560      0.00969388552
553 564       0.0174085401
554 548       0.0156057747
554 565       0.0149994068
554 556       0.0129142686
554 551       0.0132596785
554 555      0.00963265862
554 552       0.0108880146
554 563       0.0107699212
555 558       0.0165865572
555 548       0.0148874154
555 556       0.0121041426
555 566       0.0112389484
555 554      0.00963265862
555 559       0.0112092742
555 565      0.00956929099
556 564       0.0168894011
556 567       0.0130242573
556 554       0.0129142686
556 555       0.0121041426
556 559       0.0095462105
556 563      0.00967620217
556 557       0.0115674967
557 562       0.0202009857
557 559       0.0175040739
557 560       0.0177294549
557 567       0.0152588922
557 556       0.0115674967
557 564       0.0111811388
557 563       0.0147532874
558 548        0.023919673
558 567       0.0202896217
558 550       0.0157177936
558 555       0.0165865572
558 559       0.0157004229
558 566      0.00775907822
558 565       0.0163475466
559 554       0.0180700863
559 557       0.0175040739
559 556       0.0095462105
559 566       0.0157694439
559 555       0.0112092742
559 567      0.00758638002
559 558       0.0157004229
560 563       0.0282118898
560 528       0.0247033641
560 529        0.020128792
560 562       0.0230084839
560 557       0.0177294549
560 553      0.00969388552
560 564       0.0165569126
561 532        0.018434061
561 624       0.0173184678
561 542       0.0126869998
561 549       0.0124435137
561 540      0.00911764182
561 541       0.0102271706
561 551       0.0109002474
562 521       0.0173689439
562 552       0.0157546238
562 522       0.0135045365
562 563       0.0145313237
562 523       0.0114866448
562 564      0.00932274467
562 528       0.0143006765
563 555       0.0167391399
563 557       0.0147532874
563 554       0.0107699212
563 562       0.0145313237
563 552      0.00957609444
563 556      0.00967620217
563 564       0.0123731394
564 552       0.0188893489
564 553       0.0174085401
564 560       0.0165569126
564 556       0.0168894011
564 557       0.0111811388
564 562      0.00932274467
564 563       0.0123731394
565 542       0.0151992267
565 554       0.0149994068
565 537       0.0150210644
565 555      0.00956929099
565 550       0.0149258347
565 548      0.00770865189
565 566      0.00859688778
566 537       0.0198810562
566 559       0.0157694439
566 548       0.0161694522
566 555       0.0112389484
566 558      0.00775907822
566 550       0.0127352826
566 565      0.00859688778
567 563       0.0224828947
567 566        0.022431699
567 556       0.0130242573
567 558       0.0202896217
567 555       0.0187145679
567 559      0.00758638002
567 557       0.0152588922
624 541       0.0214775181
624 531       0.0212844384
624 561       0.0173184678
624 533       0.0198360365
624 540       0.0107281429
624 249       0.0165444115
624 245       0.0146096938
